0.000000 -0.000000
0.010000 -0.649951
0.020000 -1.243010
0.030000 -1.730983
0.040000 -2.081541
0.050000 -2.282616
0.060000 -2.343277
0.070000 -2.291020
0.080000 -2.166026
0.090000 -2.013509
0.100000 -1.875613
0.110000 -1.784339
0.120000 -1.756811
0.130000 -1.793659
0.140000 -1.880749
0.150000 -1.993774
0.160000 -2.104744
0.170000 -2.188981
0.180000 -2.231207
0.190000 -2.229456
0.200000 -2.196006
0.210000 -2.155112
0.220000 -2.137970
0.230000 -2.175878
0.240000 -2.292977
0.250000 -2.500000
0.260000 -2.790357
0.270000 -3.139386
0.280000 -3.507064
0.290000 -3.843768
0.300000 -4.098119
0.310000 -4.225510
0.320000 -4.195782
0.330000 -3.998635
0.340000 -3.645771
0.350000 -3.169345
0.360000 -2.616998
0.370000 -2.044326
0.380000 -1.506144
0.390000 -1.048090
0.400000 -0.700042
0.410000 -0.472483
0.420000 -0.356372
0.430000 -0.326446
0.440000 -0.347224
0.450000 -0.380503
0.460000 -0.392885
0.470000 -0.361888
0.480000 -0.279503
0.490000 -0.152571
0.500000 0.000000
0.510000 0.152571
0.520000 0.279503
0.530000 0.361888
0.540000 0.392885
0.550000 0.380503
0.560000 0.347224
0.570000 0.326446
0.580000 0.356372
0.590000 0.472483
0.600000 0.700042
0.610000 1.048090
0.620000 1.506144
0.630000 2.044326
0.640000 2.616998
0.650000 3.169345
0.660000 3.645771
0.670000 3.998635
0.680000 4.195782
0.690000 4.225510
0.700000 4.098119
0.710000 3.843768
0.720000 3.507064
0.730000 3.139386
0.740000 2.790357
0.750000 2.500000
0.760000 2.292977
0.770000 2.175878
0.780000 2.137970
0.790000 2.155112
0.800000 2.196006
0.810000 2.229456
0.820000 2.231207
0.830000 2.188981
0.840000 2.104744
0.850000 1.993774
0.860000 1.880749
0.870000 1.793659
0.880000 1.756811
0.890000 1.784339
0.900000 1.875613
0.910000 2.013509
0.920000 2.166026
0.930000 2.291020
0.940000 2.343277
0.950000 2.282616
0.960000 2.081541
0.970000 1.730983
0.980000 1.243010
0.990000 0.649951
