
a: 70178, errors: 2
a: 70255, errors: 2
a: 70270, errors: 2
a: 70279, errors: 2
a: 70348, errors: 2
a: 70391, errors: 2
a: 70432, errors: 2
a: 70486, errors: 2
70487
70488
70489
70490
70491
70492
70493
70494
70495
70496
70497
70498
70499
70500
70501
70502
70503
70504
70505
70506
70507
70508
70509
70510
70511
70512
70513
70514
70515
70516
70517
70518
70519
70520
70521
70522
70523
70524
70525
70526
70527
70528
70529
70530
70531
70532
70533
70534
70535
70536
70537
70538
70539
70540
70541
70542
70543
70544
70545
70546
70547
70548
70549
70550
70551
70552
70553
70554
70555
70556
70557
70558
70559
70560
70561
70562
a: 70563, errors: 2
70564
70565
70566
70567
70568
70569
70570
70571
70572
70573
70574
70575
70576
70577
70578
70579
70580
70581
70582
70583
70584
70585
70586
70587
70588
70589
70590
70591
70592
70593
70594
70595
70596
70597
70598
70599
70600
70601
70602
70603
70604
70605
70606
70607
70608
70609
70610
70611
70612
70613
70614
70615
70616
70617
70618
70619
70620
70621
70622
70623
70624
70625
70626
70627
70628
70629
70630
70631
70632
70633
a: 70634, errors: 2
70635
70636
70637
70638
70639
70640
70641
70642
70643
70644
70645
70646
70647
70648
70649
70650
70651
70652
70653
70654
70655
70656
70657
70658
70659
70660
70661
70662
70663
70664
70665
70666
70667
70668
70669
70670
70671
70672
70673
70674
70675
70676
70677
70678
70679
70680
70681
70682
70683
70684
70685
70686
70687
70688
70689
70690
70691
70692
70693
70694
70695
70696
70697
70698
70699
70700
70701
70702
70703
70704
70705
70706
70707
70708
70709
70710
70711
70712
70713
70714
70715
70716
a: 70717, errors: 2
70718
70719
70720
70721
70722
70723
70724
70725
70726
70727
70728
70729
70730
70731
70732
70733
70734
70735
70736
70737
70738
70739
70740
70741
70742
70743
70744
70745
70746
70747
70748
70749
70750
70751
70752
70753
70754
70755
70756
70757
70758
70759
70760
70761
70762
70763
70764
70765
70766
a: 70767, errors: 2
70768
70769
70770
70771
70772
70773
70774
70775
70776
70777
70778
70779
70780
70781
70782
70783
70784
70785
a: 70786, errors: 2
70787
70788
70789
70790
70791
a: 70792, errors: 2
70793
70794
70795
70796
70797
70798
70799
70800
70801
70802
70803
70804
70805
70806
70807
70808
70809
70810
70811
70812
70813
70814
70815
a: 70816, errors: 2
70817
70818
70819
70820
70821
70822
70823
70824
70825
70826
70827
70828
70829
70830
70831
70832
70833
a: 70834, errors: 2
70835
70836
70837
70838
70839
70840
70841
70842
70843
70844
70845
70846
70847
70848
a: 70849, errors: 2
70850
70851
70852
70853
70854
70855
70856
70857
70858
70859
a: 70860, errors: 2
70861
70862
70863
70864
70865
70866
70867
70868
70869
70870
70871
70872
70873
70874
70875
70876
70877
70878
70879
70880
70881
70882
70883
70884
70885
70886
70887
70888
70889
70890
70891
70892
70893
70894
70895
70896
70897
70898
70899
70900
70901
70902
70903
70904
70905
70906
70907
a: 70908, errors: 2
70909
70910
70911
70912
70913
70914
70915
70916
70917
70918
70919
70920
70921
70922
70923
70924
70925
70926
70927
70928
70929
70930
70931
70932
70933
70934
70935
70936
70937
70938
70939
70940
70941
70942
70943
70944
70945
70946
70947
70948
70949
70950
70951
70952
70953
70954
70955
70956
70957
70958
70959
70960
70961
70962
70963
70964
70965
70966
70967
70968
70969
70970
70971
70972
70973
70974
70975
70976
70977
70978
70979
70980
70981
70982
a: 70983, errors: 2
70984
70985
70986
70987
70988
70989
70990
70991
70992
70993
70994
70995
70996
70997
70998
70999
71000
71001
71002
71003
71004
71005
71006
71007
71008
71009
71010
71011
71012
71013
a: 71014, errors: 2
71015
a: 71016, errors: 2
71017
71018
71019
71020
71021
71022
71023
71024
71025
71026
71027
71028
71029
71030
71031
71032
71033
71034
71035
71036
71037
71038
71039
71040
71041
71042
71043
71044
71045
71046
71047
71048
71049
71050
71051
71052
71053
71054
71055
a: 71056, errors: 2
71057
71058
71059
71060
71061
71062
71063
71064
71065
71066
71067
71068
71069
71070
71071
71072
71073
71074
71075
71076
71077
71078
71079
71080
71081
71082
71083
71084
71085
71086
71087
71088
71089
71090
71091
71092
a: 71093, errors: 2
71094
71095
71096
71097
71098
71099
71100
71101
71102
71103
71104
71105
71106
71107
71108
71109
71110
71111
71112
71113
71114
71115
71116
71117
71118
71119
71120
71121
71122
71123
71124
71125
71126
71127
71128
71129
71130
71131
71132
71133
71134
71135
71136
71137
71138
71139
71140
71141
71142
71143
71144
71145
a: 71146, errors: 2
71147
71148
71149
71150
71151
71152
71153
71154
71155
71156
71157
71158
71159
71160
71161
71162
71163
71164
71165
71166
71167
71168
71169
71170
71171
71172
71173
71174
71175
71176
71177
71178
71179
71180
a: 71181, errors: 2
71182
71183
71184
71185
71186
71187
71188
71189
71190
71191
71192
71193
71194
71195
71196
71197
71198
71199
71200
71201
71202
71203
71204
71205
71206
71207
71208
71209
71210
71211
71212
71213
71214
71215
71216
71217
71218
71219
71220
71221
71222
71223
71224
71225
71226
71227
71228
71229
71230
71231
71232
71233
71234
71235
71236
71237
71238
71239
71240
a: 71241, errors: 2
71242
71243
71244
71245
71246
71247
71248
71249
71250
71251
71252
71253
71254
71255
71256
71257
71258
71259
71260
71261
71262
71263
71264
71265
71266
71267
71268
71269
71270
71271
71272
71273
71274
71275
71276
71277
71278
71279
71280
71281
71282
71283
71284
71285
71286
71287
71288
71289
71290
71291
71292
71293
a: 71294, errors: 2
71295
71296
71297
71298
71299
71300
71301
71302
71303
71304
71305
71306
71307
71308
71309
71310
71311
71312
71313
71314
71315
71316
71317
71318
71319
71320
71321
71322
71323
71324
71325
71326
71327
71328
71329
71330
71331
71332
71333
71334
71335
71336
71337
71338
71339
71340
71341
71342
71343
71344
71345
71346
71347
71348
71349
a: 71350, errors: 2
71351
71352
71353
71354
71355
71356
71357
a: 71358, errors: 2
71359
71360
71361
71362
71363
71364
71365
71366
71367
71368
71369
71370
71371
71372
71373
71374
71375
71376
71377
71378
71379
71380
71381
71382
71383
71384
71385
71386
71387
71388
71389
71390
71391
71392
71393
71394
71395
71396
71397
71398
71399
71400
71401
71402
71403
71404
71405
71406
71407
71408
71409
71410
71411
71412
71413
71414
71415
71416
71417
71418
71419
71420
71421
a: 71422, errors: 2
71423
71424
71425
71426
71427
71428
71429
71430
71431
71432
71433
71434
71435
71436
71437
71438
71439
71440
71441
71442
71443
71444
71445
71446
71447
71448
71449
71450
71451
71452
71453
71454
71455
71456
71457
71458
71459
71460
71461
71462
71463
71464
71465
71466
71467
71468
71469
71470
71471
71472
71473
71474
71475
71476
71477
71478
71479
71480
71481
71482
71483
71484
71485
71486
71487
71488
71489
71490
71491
71492
71493
71494
71495
71496
71497
71498
71499
71500
71501
71502
71503
71504
71505
71506
71507
71508
71509
71510
71511
71512
71513
71514
71515
71516
71517
71518
71519
71520
71521
71522
71523
71524
71525
71526
71527
71528
71529
71530
71531
71532
71533
71534
71535
71536
71537
71538
71539
71540
71541
71542
71543
71544
a: 71545, errors: 2
71546
71547
71548
71549
71550
71551
71552
71553
71554
71555
71556
71557
71558
71559
71560
71561
71562
71563
71564
71565
71566
71567
71568
71569
71570
71571
71572
71573
71574
71575
71576
71577
71578
71579
71580
71581
71582
71583
71584
71585
71586
71587
71588
71589
71590
71591
71592
71593
71594
71595
71596
71597
71598
a: 71599, errors: 2
71600
71601
71602
71603
71604
71605
71606
71607
71608
71609
71610
a: 71611, errors: 2
71612
71613
71614
71615
71616
71617
71618
71619
71620
71621
71622
71623
71624
71625
71626
71627
71628
71629
71630
71631
71632
71633
71634
71635
71636
71637
71638
71639
71640
71641
71642
71643
71644
71645
71646
71647
71648
71649
71650
71651
71652
71653
71654
71655
71656
71657
71658
71659
71660
71661
71662
71663
71664
71665
71666
71667
71668
71669
71670
71671
71672
71673
71674
71675
71676
71677
71678
71679
71680
71681
71682
71683
71684
71685
71686
71687
71688
71689
71690
71691
71692
71693
71694
71695
71696
71697
71698
71699
71700
71701
71702
71703
71704
71705
71706
71707
71708
71709
71710
71711
71712
71713
71714
71715
71716
71717
71718
71719
71720
71721
71722
71723
71724
71725
71726
71727
71728
71729
71730
71731
71732
71733
71734
71735
71736
71737
71738
71739
a: 71740, errors: 2
71741
71742
71743
71744
71745
71746
71747
71748
71749
71750
71751
71752
71753
71754
a: 71755, errors: 2
71756
71757
71758
71759
71760
71761
71762
71763
71764
71765
71766
71767
71768
71769
71770
a: 71771, errors: 2
71772
71773
71774
71775
71776
71777
71778
71779
71780
71781
71782
71783
71784
71785
71786
71787
71788
71789
71790
71791
71792
71793
71794
71795
71796
71797
71798
71799
71800
71801
71802
71803
71804
71805
71806
71807
71808
71809
71810
71811
71812
71813
71814
71815
71816
71817
71818
71819
71820
71821
71822
71823
71824
71825
71826
71827
71828
71829
71830
71831
71832
71833
71834
71835
71836
71837
71838
71839
71840
71841
71842
71843
71844
71845
71846
71847
71848
71849
71850
71851
71852
71853
71854
71855
71856
71857
71858
71859
71860
71861
71862
71863
71864
71865
71866
71867
71868
71869
71870
71871
71872
71873
71874
71875
71876
71877
71878
71879
71880
71881
71882
71883
71884
71885
71886
a: 71887, errors: 2
71888
71889
71890
a: 71891, errors: 4
71892
71893
71894
71895
71896
71897
71898
71899
71900
71901
71902
71903
71904
71905
71906
71907
71908
71909
71910
71911
71912
71913
71914
71915
71916
71917
71918
71919
71920
71921
71922
71923
71924
71925
71926
71927
71928
71929
71930
71931
71932
71933
71934
71935
71936
71937
71938
71939
71940
71941
71942
71943
71944
71945
71946
71947
71948
71949
71950
71951
71952
71953
71954
71955
71956
71957
71958
71959
71960
71961
71962
71963
71964
71965
71966
71967
71968
71969
71970
71971
71972
71973
71974
71975
71976
71977
71978
a: 71979, errors: 2
71980
71981
a: 71982, errors: 2
71983
71984
71985
71986
71987
71988
71989
71990
71991
71992
71993
71994
71995
71996
71997
71998
71999
72000
72001
72002
72003
72004
72005
72006
72007
72008
72009
72010
72011
72012
72013
72014
72015
72016
72017
72018
72019
72020
72021
72022
72023
72024
72025
72026
72027
72028
72029
72030
72031
72032
72033
72034
72035
72036
72037
72038
72039
72040
72041
72042
a: 72043, errors: 2
72044
72045
a: 72046, errors: 2
72047
72048
72049
72050
72051
72052
72053
72054
72055
72056
72057
72058
72059
72060
72061
72062
72063
72064
72065
72066
72067
72068
72069
72070
72071
72072
a: 72073, errors: 2
72074
72075
a: 72076, errors: 2
72077
72078
72079
72080
72081
72082
72083
72084
72085
72086
72087
72088
72089
72090
72091
72092
72093
72094
72095
72096
72097
72098
72099
72100
72101
72102
72103
72104
72105
72106
72107
72108
a: 72109, errors: 2
72110
72111
72112
72113
72114
72115
72116
72117
72118
72119
72120
72121
72122
72123
72124
72125
72126
72127
72128
72129
72130
72131
72132
72133
72134
72135
72136
72137
72138
72139
72140
72141
72142
72143
72144
72145
72146
72147
72148
72149
72150
72151
72152
72153
72154
72155
72156
72157
72158
72159
72160
72161
72162
72163
72164
72165
72166
72167
72168
a: 72169, errors: 2
72170
72171
72172
72173
72174
72175
72176
72177
72178
72179
72180
72181
72182
72183
72184
72185
72186
72187
72188
72189
72190
72191
72192
72193
72194
72195
72196
a: 72197, errors: 2
72198
72199
72200
72201
a: 72202, errors: 2
72203
72204
72205
72206
72207
72208
72209
72210
72211
72212
72213
72214
72215
72216
72217
72218
72219
72220
72221
72222
72223
72224
72225
72226
72227
72228
72229
72230
72231
72232
72233
72234
72235
72236
72237
72238
72239
72240
72241
72242
72243
72244
72245
72246
72247
72248
72249
72250
a: 72251, errors: 2
72252
72253
72254
72255
72256
72257
72258
72259
72260
72261
72262
72263
72264
72265
72266
72267
72268
72269
72270
72271
72272
72273
72274
72275
72276
72277
72278
72279
72280
72281
72282
72283
72284
72285
72286
72287
72288
72289
72290
72291
72292
72293
72294
72295
72296
72297
a: 72298, errors: 2
72299
72300
72301
72302
72303
72304
72305
72306
72307
72308
72309
72310
72311
72312
72313
72314
72315
72316
72317
72318
72319
72320
72321
72322
72323
72324
72325
72326
72327
72328
72329
72330
72331
72332
72333
72334
72335
72336
72337
72338
72339
72340
72341
72342
72343
72344
72345
72346
72347
72348
72349
72350
72351
72352
72353
72354
72355
72356
72357
72358
72359
72360
a: 72361, errors: 2
72362
72363
72364
72365
72366
72367
72368
72369
72370
72371
72372
72373
72374
72375
72376
72377
72378
72379
72380
72381
72382
72383
72384
72385
72386
72387
72388
72389
72390
72391
72392
72393
72394
72395
72396
72397
72398
72399
72400
72401
72402
72403
72404
72405
72406
72407
72408
72409
72410
72411
72412
72413
72414
72415
72416
72417
72418
72419
72420
72421
72422
72423
72424
72425
72426
72427
72428
72429
72430
72431
72432
72433
72434
72435
72436
72437
72438
72439
72440
72441
72442
72443
72444
72445
72446
72447
72448
72449
72450
72451
72452
72453
72454
72455
72456
72457
72458
72459
72460
72461
72462
72463
72464
72465
72466
72467
72468
72469
72470
a: 72471, errors: 2
72472
72473
72474
72475
a: 72476, errors: 2
72477
72478
72479
72480
72481
72482
72483
72484
72485
72486
72487
72488
72489
72490
72491
72492
72493
72494
72495
72496
72497
72498
72499
72500
72501
72502
72503
72504
72505
72506
72507
72508
72509
72510
72511
72512
72513
72514
72515
72516
72517
a: 72518, errors: 2
72519
72520
72521
72522
72523
72524
72525
72526
72527
a: 72528, errors: 2
72529
72530
72531
72532
72533
72534
72535
72536
72537
72538
72539
72540
72541
72542
72543
72544
72545
72546
72547
72548
72549
72550
72551
72552
72553
72554
72555
72556
72557
72558
72559
72560
72561
72562
72563
72564
72565
72566
72567
72568
72569
72570
72571
72572
72573
72574
72575
72576
72577
72578
72579
a: 72580, errors: 2
72581
72582
72583
72584
72585
72586
72587
72588
72589
72590
72591
72592
72593
72594
72595
72596
72597
72598
72599
72600
72601
72602
72603
a: 72604, errors: 2
72605
72606
72607
72608
72609
72610
72611
72612
72613
72614
72615
72616
72617
72618
72619
72620
72621
72622
72623
72624
72625
72626
72627
72628
72629
72630
72631
72632
72633
72634
72635
72636
72637
72638
72639
72640
72641
72642
72643
72644
72645
72646
72647
72648
72649
72650
72651
72652
72653
72654
72655
72656
72657
72658
72659
72660
72661
72662
72663
72664
72665
72666
72667
72668
72669
72670
72671
72672
72673
72674
72675
72676
72677
72678
72679
72680
72681
72682
72683
72684
72685
72686
72687
72688
72689
72690
72691
72692
72693
72694
72695
72696
72697
72698
72699
72700
72701
72702
72703
72704
72705
72706
72707
72708
72709
72710
72711
72712
72713
72714
72715
72716
72717
72718
72719
72720
72721
72722
72723
a: 72724, errors: 2
72725
72726
72727
72728
72729
72730
72731
72732
72733
72734
72735
72736
72737
72738
72739
72740
72741
72742
72743
72744
72745
72746
72747
72748
72749
72750
72751
72752
72753
72754
72755
72756
a: 72757, errors: 2
72758
72759
72760
72761
72762
72763
72764
72765
72766
72767
72768
72769
72770
72771
72772
72773
72774
72775
72776
a: 72777, errors: 2
a: 72778, errors: 4
72779
72780
72781
72782
72783
72784
72785
72786
72787
72788
72789
72790
72791
72792
72793
72794
72795
72796
72797
72798
72799
72800
a: 72801, errors: 2
72802
72803
72804
72805
72806
72807
72808
72809
72810
72811
72812
72813
72814
72815
72816
72817
72818
72819
72820
72821
72822
72823
a: 72824, errors: 2
72825
72826
72827
72828
72829
72830
72831
72832
72833
72834
72835
72836
72837
72838
72839
72840
72841
72842
72843
72844
72845
72846
72847
72848
72849
72850
72851
72852
72853
72854
72855
72856
a: 72857, errors: 2
72858
72859
72860
72861
72862
72863
72864
72865
72866
72867
72868
72869
72870
72871
72872
72873
72874
72875
72876
72877
72878
72879
72880
72881
72882
72883
72884
72885
72886
72887
72888
72889
72890
72891
72892
72893
72894
72895
72896
72897
72898
72899
72900
72901
72902
72903
72904
72905
a: 72906, errors: 2
72907
72908
72909
72910
72911
72912
72913
72914
72915
a: 72916, errors: 4
72917
72918
72919
72920
72921
72922
72923
72924
72925
72926
72927
72928
72929
72930
72931
72932
72933
72934
72935
72936
72937
72938
72939
72940
a: 72941, errors: 2
72942
72943
72944
72945
72946
72947
72948
72949
72950
72951
72952
72953
72954
a: 72955, errors: 2
72956
72957
72958
72959
72960
72961
72962
72963
72964
a: 72965, errors: 2
72966
72967
72968
72969
72970
72971
72972
72973
72974
72975
72976
72977
72978
72979
72980
72981
72982
72983
72984
72985
72986
72987
72988
72989
72990
72991
72992
72993
72994
72995
72996
72997
72998
72999
73000
73001
73002
73003
73004
73005
73006
73007
73008
73009
73010
73011
73012
73013
73014
73015
73016
73017
73018
73019
73020
73021
73022
73023
73024
73025
73026
73027
a: 73028, errors: 2
73029
73030
73031
73032
73033
73034
73035
73036
73037
73038
73039
73040
73041
73042
73043
73044
73045
73046
73047
73048
73049
73050
73051
73052
73053
73054
73055
73056
73057
73058
73059
a: 73060, errors: 2
73061
73062
73063
73064
73065
73066
73067
73068
73069
73070
73071
73072
73073
73074
73075
73076
73077
73078
73079
73080
73081
73082
73083
73084
73085
73086
73087
73088
73089
73090
73091
73092
73093
73094
73095
73096
73097
73098
73099
73100
73101
73102
73103
73104
73105
73106
73107
73108
73109
73110
73111
73112
73113
73114
73115
73116
73117
73118
73119
73120
73121
73122
73123
73124
73125
73126
73127
73128
73129
73130
73131
73132
73133
73134
73135
73136
73137
73138
73139
73140
73141
73142
73143
73144
73145
73146
73147
73148
73149
73150
73151
73152
73153
73154
73155
73156
73157
73158
73159
73160
73161
73162
73163
73164
73165
73166
73167
73168
73169
73170
73171
73172
73173
73174
73175
73176
73177
73178
a: 73179, errors: 2
73180
73181
73182
73183
73184
73185
73186
a: 73187, errors: 2
73188
73189
73190
73191
73192
73193
73194
a: 73195, errors: 2
73196
73197
73198
73199
73200
73201
73202
73203
73204
73205
73206
73207
73208
73209
73210
73211
73212
73213
73214
73215
73216
73217
73218
73219
73220
73221
73222
73223
73224
73225
73226
73227
73228
73229
73230
73231
73232
73233
73234
73235
73236
a: 73237, errors: 2
73238
73239
73240
73241
73242
a: 73243, errors: 2
73244
73245
73246
73247
73248
73249
73250
73251
73252
73253
73254
73255
73256
73257
73258
73259
73260
73261
73262
73263
73264
73265
73266
73267
73268
73269
73270
73271
73272
73273
73274
73275
73276
73277
a: 73278, errors: 2
73279
73280
73281
73282
73283
73284
73285
73286
73287
a: 73288, errors: 2
73289
73290
73291
73292
73293
73294
73295
73296
a: 73297, errors: 2
73298
73299
73300
73301
73302
73303
73304
73305
73306
73307
73308
73309
73310
73311
73312
73313
73314
73315
73316
73317
73318
73319
73320
a: 73321, errors: 2
73322
73323
73324
73325
73326
73327
73328
73329
73330
a: 73331, errors: 2
73332
73333
73334
73335
73336
73337
73338
73339
73340
73341
73342
73343
73344
73345
73346
73347
73348
73349
73350
73351
73352
73353
73354
73355
73356
73357
73358
73359
73360
73361
73362
73363
73364
73365
73366
73367
73368
73369
73370
73371
73372
73373
73374
73375
73376
73377
73378
73379
73380
73381
73382
73383
73384
73385
73386
73387
73388
73389
73390
73391
73392
73393
73394
73395
73396
73397
73398
73399
73400
73401
73402
73403
73404
73405
73406
73407
73408
73409
73410
73411
73412
73413
73414
73415
73416
73417
73418
73419
73420
73421
73422
73423
73424
73425
73426
73427
73428
73429
73430
73431
73432
73433
73434
73435
73436
73437
73438
73439
73440
73441
73442
73443
73444
73445
73446
73447
73448
73449
73450
73451
73452
73453
73454
73455
73456
73457
73458
73459
73460
73461
73462
73463
73464
73465
73466
73467
73468
73469
73470
73471
73472
73473
73474
73475
73476
73477
73478
73479
73480
73481
73482
73483
73484
73485
73486
73487
73488
73489
73490
73491
73492
73493
73494
73495
73496
73497
73498
73499
73500
73501
73502
73503
73504
73505
73506
73507
73508
73509
73510
73511
73512
73513
73514
73515
73516
73517
73518
73519
73520
73521
73522
73523
73524
73525
73526
73527
73528
73529
73530
73531
73532
73533
73534
73535
73536
73537
73538
73539
73540
a: 73541, errors: 2
73542
73543
73544
73545
73546
73547
73548
73549
73550
73551
73552
73553
73554
73555
73556
73557
73558
73559
73560
73561
73562
73563
73564
73565
73566
73567
73568
73569
73570
73571
73572
73573
73574
73575
73576
73577
73578
73579
73580
73581
73582
73583
73584
73585
73586
73587
73588
73589
a: 73590, errors: 2
73591
73592
73593
73594
73595
73596
73597
73598
73599
73600
73601
73602
73603
73604
73605
a: 73606, errors: 2
73607
73608
73609
73610
73611
73612
a: 73613, errors: 2
73614
73615
73616
73617
73618
73619
73620
73621
73622
73623
73624
73625
73626
73627
73628
73629
73630
73631
73632
73633
73634
73635
73636
73637
73638
73639
73640
73641
73642
73643
73644
73645
73646
73647
73648
73649
73650
73651
73652
73653
73654
73655
73656
73657
73658
73659
73660
73661
73662
73663
73664
73665
73666
73667
73668
73669
73670
73671
a: 73672, errors: 2
73673
73674
73675
73676
73677
73678
73679
73680
73681
73682
73683
73684
73685
73686
73687
73688
73689
73690
73691
73692
73693
73694
73695
73696
73697
73698
73699
73700
73701
73702
73703
73704
73705
73706
73707
73708
73709
73710
73711
73712
73713
73714
73715
73716
73717
73718
73719
73720
73721
73722
73723
73724
73725
73726
73727
73728
73729
73730
73731
73732
73733
73734
73735
73736
73737
73738
73739
73740
73741
73742
73743
73744
73745
73746
73747
73748
73749
73750
73751
73752
73753
73754
73755
73756
73757
73758
73759
73760
a: 73761, errors: 2
73762
73763
73764
73765
73766
73767
73768
73769
73770
73771
73772
73773
73774
73775
73776
73777
73778
73779
73780
73781
73782
73783
73784
73785
73786
73787
73788
73789
73790
73791
73792
73793
73794
73795
73796
73797
73798
73799
73800
73801
73802
73803
73804
73805
73806
73807
73808
73809
73810
73811
73812
73813
73814
73815
73816
73817
73818
73819
73820
73821
73822
73823
73824
73825
73826
73827
73828
73829
a: 73830, errors: 2
73831
73832
73833
73834
a: 73835, errors: 2
73836
73837
73838
73839
73840
73841
73842
73843
73844
73845
73846
73847
73848
a: 73849, errors: 2
73850
73851
73852
73853
73854
73855
73856
73857
73858
73859
73860
73861
73862
73863
73864
73865
73866
73867
73868
73869
73870
73871
73872
73873
73874
73875
73876
73877
73878
73879
73880
73881
73882
73883
73884
73885
73886
73887
73888
73889
a: 73890, errors: 2
73891
73892
73893
73894
73895
73896
73897
73898
73899
a: 73900, errors: 2
73901
73902
73903
73904
73905
73906
73907
73908
73909
73910
73911
73912
73913
73914
73915
73916
73917
73918
73919
73920
73921
73922
73923
73924
73925
73926
73927
73928
73929
73930
73931
73932
73933
73934
73935
73936
73937
73938
73939
73940
73941
73942
73943
73944
73945
73946
73947
73948
73949
73950
73951
73952
73953
73954
73955
73956
73957
73958
73959
73960
73961
73962
73963
73964
73965
73966
73967
73968
73969
73970
a: 73971, errors: 2
73972
73973
73974
73975
73976
73977
73978
73979
73980
73981
73982
73983
73984
73985
73986
73987
73988
73989
73990
73991
73992
73993
73994
73995
73996
73997
73998
a: 73999, errors: 2
74000
74001
74002
74003
74004
74005
74006
74007
74008
74009
74010
74011
74012
74013
74014
74015
74016
74017
74018
74019
74020
a: 74021, errors: 2
74022
74023
74024
74025
74026
74027
74028
74029
74030
74031
74032
74033
74034
74035
74036
74037
74038
74039
74040
74041
74042
a: 74043, errors: 2
74044
74045
74046
74047
74048
74049
74050
a: 74051, errors: 2
74052
74053
74054
74055
74056
74057
74058
74059
74060
74061
74062
74063
74064
74065
74066
74067
74068
74069
74070
74071
74072
74073
74074
74075
74076
74077
74078
74079
74080
74081
74082
74083
74084
74085
74086
74087
74088
74089
74090
74091
74092
74093
74094
74095
74096
74097
74098
74099
74100
74101
74102
74103
74104
74105
74106
a: 74107, errors: 2
74108
74109
74110
74111
74112
74113
74114
74115
a: 74116, errors: 2
74117
74118
74119
74120
74121
74122
74123
74124
74125
74126
74127
74128
74129
74130
74131
74132
74133
74134
74135
74136
74137
74138
74139
74140
74141
74142
74143
74144
74145
74146
74147
74148
74149
74150
74151
74152
74153
74154
74155
74156
74157
74158
74159
74160
74161
a: 74162, errors: 2
74163
74164
74165
74166
74167
74168
74169
74170
74171
74172
74173
74174
74175
74176
74177
74178
74179
74180
74181
74182
74183
74184
74185
74186
74187
74188
74189
74190
74191
a: 74192, errors: 2
74193
74194
74195
74196
74197
74198
74199
74200
74201
74202
74203
74204
74205
74206
74207
74208
74209
74210
74211
74212
74213
74214
74215
74216
74217
74218
74219
74220
74221
74222
74223
74224
74225
74226
74227
74228
74229
74230
74231
74232
74233
74234
74235
74236
74237
74238
74239
74240
74241
74242
74243
74244
74245
74246
74247
74248
74249
74250
74251
74252
74253
74254
74255
74256
74257
74258
74259
74260
74261
74262
74263
74264
74265
74266
74267
74268
74269
74270
74271
74272
74273
74274
74275
74276
74277
74278
74279
74280
74281
74282
74283
74284
74285
74286
74287
74288
74289
74290
74291
74292
74293
74294
74295
74296
74297
74298
74299
74300
74301
74302
74303
74304
74305
74306
74307
74308
74309
74310
a: 74311, errors: 2
74312
74313
74314
74315
100001
74316
100002
a: 74317, errors: 2
100003
74318
100004
74319
100005
74320
100006
74321
100007
74322
100008
74323
100009
74324
100010
74325
100011
74326
100012
a: 74327, errors: 2
100013
74328
100014
74329
100015
74330
100016
74331
100017
74332
a: 100018, errors: 2
74333
100019
74334
100020
74335
100021
74336
100022
74337
100023
74338
100024
74339
100025
74340
100026
74341
100027
74342
100028
74343
100029
74344
100030
74345
100031
74346
a: 100032, errors: 2
74347
100033
74348
100034
74349
100035
74350
a: 100036, errors: 4
74351
100037
74352
100038
74353
a: 100039, errors: 2
74354
100040
74355
100041
74356
100042
74357
100043
74358
100044
74359
100045
74360
a: 100046, errors: 2
74361
100047
74362
100048
74363
100049
74364
100050
74365
100051
74366
100052
74367
100053
74368
100054
74369
100055
74370
a: 100056, errors: 2
74371
100057
74372
a: 100058, errors: 2
74373
100059
74374
100060
74375
100061
74376
100062
74377
100063
74378
100064
74379
100065
74380
100066
74381
100067
74382
100068
74383
100069
74384
100070
74385
100071
a: 74386, errors: 2
100072
74387
100073
74388
100074
74389
100075
74390
100076
74391
100077
74392
100078
74393
100079
74394
100080
74395
100081
74396
100082
74397
100083
74398
100084
74399
100085
74400
100086
a: 74401, errors: 2
a: 100087, errors: 2
74402
100088
74403
100089
74404
100090
74405
100091
74406
100092
74407
100093
74408
100094
74409
100095
74410
100096
74411
100097
74412
a: 100098, errors: 2
74413
100099
74414
100100
74415
a: 100101, errors: 2
74416
100102
74417
a: 100103, errors: 4
74418
100104
74419
100105
74420
100106
74421
100107
74422
100108
74423
100109
74424
100110
74425
100111
74426
100112
74427
100113
74428
100114
74429
100115
74430
100116
74431
100117
74432
100118
74433
100119
74434
100120
74435
100121
74436
100122
74437
100123
74438
100124
74439
100125
74440
100126
74441
100127
74442
100128
74443
100129
74444
100130
74445
a: 100131, errors: 2
74446
a: 100132, errors: 2
74447
100133
74448
100134
74449
100135
74450
100136
74451
100137
74452
100138
74453
100139
74454
100140
74455
100141
74456
100142
74457
100143
74458
100144
74459
100145
74460
100146
a: 74461, errors: 2
100147
74462
100148
74463
a: 100149, errors: 2
a: 74464, errors: 2
100150
74465
100151
74466
100152
a: 74467, errors: 2
100153
74468
100154
74469
100155
74470
100156
74471
100157
74472
100158
74473
100159
74474
100160
74475
100161
74476
100162
74477
100163
74478
100164
74479
a: 100165, errors: 2
74480
100166
74481
100167
74482
100168
a: 74483, errors: 2
100169
74484
100170
74485
a: 100171, errors: 4
a: 74486, errors: 2
100172
74487
100173
74488
100174
74489
100175
74490
100176
74491
100177
74492
100178
74493
100179
74494
100180
74495
100181
74496
100182
74497
100183
74498
100184
74499
100185
74500
100186
74501
100187
74502
100188
74503
100189
74504
100190
74505
100191
74506
100192
74507
100193
74508
100194
74509
100195
74510
100196
74511
100197
74512
100198
74513
100199
74514
100200
74515
100201
74516
100202
74517
100203
74518
100204
74519
100205
74520
100206
a: 74521, errors: 2
100207
74522
100208
74523
100209
74524
100210
74525
100211
a: 74526, errors: 2
100212
74527
100213
74528
100214
a: 74529, errors: 2
100215
a: 74530, errors: 2
a: 100216, errors: 2
74531
100217
74532
100218
74533
a: 100219, errors: 2
74534
100220
74535
100221
74536
100222
74537
100223
74538
a: 100224, errors: 2
a: 74539, errors: 2
a: 100225, errors: 2
74540
100226
74541
a: 100227, errors: 2
74542
100228
74543
100229
74544
100230
74545
100231
74546
100232
74547
100233
74548
a: 100234, errors: 4
74549
100235
74550
100236
74551
100237
74552
100238
74553
100239
74554
100240
74555
a: 100241, errors: 4
74556
100242
74557
100243
74558
100244
74559
100245
74560
100246
74561
100247
74562
a: 100248, errors: 2
74563
100249
a: 74564, errors: 2
100250
74565
100251
74566
100252
74567
100253
74568
100254
74569
a: 100255, errors: 2
74570
100256
a: 74571, errors: 2
100257
74572
100258
74573
100259
74574
100260
74575
a: 100261, errors: 2
74576
100262
74577
100263
74578
100264
74579
100265
74580
100266
74581
100267
74582
100268
74583
100269
74584
100270
74585
100271
74586
100272
74587
100273
74588
100274
74589
100275
74590
100276
74591
100277
74592
100278
74593
100279
74594
100280
74595
100281
74596
100282
74597
100283
74598
100284
74599
a: 100285, errors: 2
74600
100286
74601
100287
74602
100288
74603
100289
74604
100290
74605
100291
74606
100292
74607
100293
74608
100294
74609
100295
74610
100296
74611
100297
74612
100298
74613
100299
74614
100300
74615
100301
74616
100302
74617
100303
74618
a: 100304, errors: 4
74619
100305
74620
100306
74621
100307
74622
100308
74623
100309
74624
100310
74625
a: 100311, errors: 2
74626
100312
74627
100313
74628
100314
74629
100315
74630
100316
74631
100317
74632
100318
74633
100319
74634
100320
74635
100321
74636
a: 100322, errors: 2
74637
100323
74638
100324
74639
100325
74640
100326
74641
100327
74642
100328
74643
100329
74644
100330
74645
100331
74646
a: 100332, errors: 4
74647
a: 100333, errors: 2
a: 74648, errors: 2
100334
74649
100335
74650
100336
74651
100337
74652
100338
74653
100339
74654
a: 100340, errors: 2
74655
100341
74656
100342
74657
100343
74658
100344
74659
a: 100345, errors: 2
74660
100346
74661
100347
74662
100348
74663
100349
74664
100350
74665
a: 100351, errors: 2
74666
100352
74667
100353
74668
100354
74669
100355
74670
100356
74671
100357
74672
100358
74673
100359
74674
100360
74675
100361
74676
100362
74677
100363
74678
100364
74679
100365
74680
100366
74681
100367
74682
100368
74683
100369
74684
100370
a: 74685, errors: 2
100371
74686
100372
74687
100373
74688
100374
74689
100375
74690
100376
a: 74691, errors: 2
100377
74692
100378
74693
100379
74694
100380
74695
100381
74696
100382
74697
100383
74698
100384
74699
100385
74700
a: 100386, errors: 2
74701
100387
74702
100388
74703
100389
74704
a: 100390, errors: 2
74705
100391
74706
100392
74707
100393
74708
100394
74709
a: 100395, errors: 2
74710
100396
74711
100397
74712
100398
74713
100399
74714
100400
74715
100401
74716
100402
74717
100403
74718
100404
74719
100405
74720
100406
74721
100407
74722
100408
74723
100409
74724
100410
74725
100411
74726
100412
74727
100413
74728
100414
74729
100415
74730
100416
74731
100417
74732
100418
74733
100419
74734
100420
74735
a: 100421, errors: 2
74736
100422
74737
a: 100423, errors: 2
74738
100424
74739
100425
74740
100426
74741
100427
74742
100428
74743
100429
74744
100430
74745
100431
74746
100432
74747
100433
74748
100434
74749
100435
74750
100436
74751
a: 100437, errors: 2
74752
100438
74753
100439
74754
100440
74755
a: 100441, errors: 2
74756
100442
74757
a: 100443, errors: 2
74758
100444
74759
100445
74760
100446
74761
100447
74762
100448
74763
100449
74764
100450
74765
100451
74766
100452
74767
100453
74768
100454
74769
100455
74770
100456
74771
100457
a: 74772, errors: 2
100458
74773
100459
74774
100460
74775
100461
a: 74776, errors: 2
100462
74777
100463
74778
100464
74779
a: 100465, errors: 2
74780
100466
74781
100467
74782
100468
74783
100469
74784
100470
74785
100471
74786
100472
74787
100473
74788
100474
74789
100475
74790
a: 100476, errors: 2
74791
100477
74792
100478
74793
100479
74794
100480
74795
100481
74796
100482
74797
100483
74798
100484
74799
100485
74800
a: 100486, errors: 2
74801
100487
74802
100488
74803
100489
74804
100490
74805
100491
74806
100492
74807
a: 100493, errors: 2
74808
100494
74809
100495
74810
100496
74811
100497
74812
100498
74813
100499
74814
100500
74815
100501
74816
100502
74817
100503
74818
a: 100504, errors: 4
74819
100505
74820
a: 100506, errors: 2
74821
a: 100507, errors: 2
74822
100508
74823
100509
74824
100510
74825
a: 100511, errors: 2
74826
100512
74827
a: 100513, errors: 2
74828
100514
74829
100515
74830
100516
74831
100517
74832
100518
74833
100519
74834
100520
74835
100521
a: 74836, errors: 2
100522
74837
100523
74838
100524
74839
100525
a: 74840, errors: 2
100526
74841
100527
a: 74842, errors: 2
100528
74843
100529
74844
100530
74845
100531
74846
100532
74847
100533
74848
100534
74849
100535
74850
a: 100536, errors: 2
74851
100537
74852
100538
74853
100539
74854
a: 100540, errors: 2
74855
100541
74856
100542
74857
100543
74858
100544
74859
100545
74860
100546
74861
100547
74862
100548
74863
100549
74864
100550
74865
100551
74866
100552
74867
100553
74868
100554
74869
a: 100555, errors: 2
74870
100556
74871
100557
74872
100558
74873
100559
74874
100560
74875
100561
74876
100562
74877
100563
74878
100564
74879
100565
74880
100566
74881
100567
74882
100568
74883
100569
74884
100570
74885
100571
74886
100572
74887
100573
74888
100574
74889
100575
a: 74890, errors: 2
100576
74891
100577
74892
100578
74893
100579
74894
100580
74895
100581
74896
100582
74897
100583
74898
100584
74899
100585
74900
100586
74901
100587
74902
100588
74903
100589
74904
100590
74905
100591
74906
100592
74907
100593
74908
100594
74909
100595
74910
100596
74911
100597
74912
100598
74913
100599
74914
100600
74915
100601
74916
100602
74917
100603
74918
100604
74919
100605
a: 74920, errors: 2
100606
74921
100607
74922
100608
74923
100609
74924
100610
74925
100611
74926
100612
74927
100613
74928
100614
74929
100615
74930
a: 100616, errors: 2
74931
100617
74932
a: 100618, errors: 2
74933
100619
a: 74934, errors: 2
a: 100620, errors: 2
74935
100621
74936
100622
74937
100623
74938
100624
74939
100625
74940
100626
74941
100627
74942
100628
74943
100629
74944
100630
74945
100631
a: 74946, errors: 2
100632
74947
100633
74948
100634
74949
100635
74950
100636
74951
100637
74952
100638
74953
100639
74954
100640
74955
100641
74956
100642
74957
100643
74958
100644
74959
100645
a: 74960, errors: 2
100646
74961
a: 100647, errors: 2
a: 74962, errors: 2
100648
74963
100649
74964
100650
74965
a: 100651, errors: 2
74966
100652
74967
100653
74968
100654
74969
100655
74970
a: 100656, errors: 2
74971
100657
74972
100658
74973
100659
74974
100660
74975
100661
74976
100662
74977
100663
74978
100664
74979
100665
74980
100666
74981
100667
74982
a: 100668, errors: 2
74983
100669
74984
100670
74985
100671
74986
100672
74987
100673
74988
100674
74989
a: 100675, errors: 6
74990
a: 100676, errors: 2
74991
100677
74992
100678
74993
100679
74994
100680
74995
100681
74996
100682
74997
100683
74998
100684
74999
100685
75000
100686
75001
100687
75002
a: 100688, errors: 2
75003
100689
75004
100690
75005
100691
75006
100692
75007
100693
75008
100694
75009
100695
75010
a: 100696, errors: 2
75011
100697
75012
100698
75013
100699
75014
100700
75015
a: 100701, errors: 2
75016
100702
75017
a: 100703, errors: 2
75018
100704
75019
100705
75020
100706
75021
100707
a: 75022, errors: 2
100708
75023
100709
75024
100710
75025
100711
75026
100712
a: 75027, errors: 2
100713
75028
100714
a: 75029, errors: 2
100715
75030
100716
75031
100717
75032
100718
75033
100719
75034
100720
75035
100721
75036
100722
75037
100723
75038
100724
75039
100725
75040
100726
75041
100727
75042
100728
75043
100729
75044
100730
75045
100731
75046
100732
75047
100733
75048
100734
75049
100735
75050
100736
75051
100737
75052
a: 100738, errors: 4
75053
100739
75054
100740
75055
100741
75056
100742
75057
100743
75058
100744
75059
100745
75060
100746
75061
100747
75062
100748
75063
100749
75064
100750
75065
100751
75066
a: 100752, errors: 4
75067
100753
75068
100754
75069
100755
75070
a: 100756, errors: 2
75071
100757
75072
100758
a: 75073, errors: 2
100759
75074
100760
75075
100761
75076
100762
75077
100763
75078
100764
75079
100765
75080
100766
75081
100767
75082
100768
75083
100769
75084
100770
75085
100771
75086
100772
75087
100773
75088
a: 100774, errors: 2
75089
a: 100775, errors: 2
75090
100776
75091
a: 100777, errors: 2
75092
100778
75093
100779
75094
100780
75095
100781
75096
100782
75097
100783
75098
100784
75099
100785
75100
100786
75101
100787
a: 75102, errors: 2
100788
75103
100789
75104
100790
75105
100791
75106
a: 100792, errors: 4
75107
100793
75108
100794
75109
100795
75110
a: 100796, errors: 2
75111
100797
75112
100798
75113
100799
75114
100800
75115
100801
75116
100802
75117
100803
75118
100804
75119
100805
75120
100806
75121
a: 100807, errors: 2
75122
100808
75123
100809
75124
a: 100810, errors: 2
75125
100811
75126
100812
75127
100813
75128
100814
75129
100815
75130
100816
75131
100817
75132
100818
75133
100819
75134
100820
75135
100821
75136
100822
75137
100823
75138
a: 100824, errors: 2
75139
100825
75140
100826
75141
100827
75142
100828
75143
100829
75144
a: 100830, errors: 2
75145
100831
75146
100832
75147
100833
75148
100834
75149
100835
75150
a: 100836, errors: 2
75151
a: 100837, errors: 2
75152
100838
75153
100839
75154
100840
75155
100841
75156
100842
75157
a: 100843, errors: 2
75158
100844
75159
100845
75160
100846
75161
100847
75162
100848
75163
100849
75164
100850
75165
100851
75166
100852
75167
100853
75168
100854
75169
100855
75170
100856
75171
100857
a: 75172, errors: 2
100858
75173
100859
75174
100860
75175
100861
75176
100862
75177
100863
75178
a: 100864, errors: 2
75179
100865
75180
100866
75181
100867
75182
100868
75183
100869
75184
100870
75185
a: 100871, errors: 2
75186
100872
75187
100873
75188
100874
75189
100875
75190
a: 100876, errors: 2
75191
100877
75192
100878
a: 75193, errors: 2
100879
75194
100880
75195
100881
75196
100882
75197
100883
75198
100884
75199
100885
75200
100886
75201
100887
75202
100888
75203
100889
75204
100890
75205
100891
75206
100892
75207
100893
75208
100894
75209
100895
75210
100896
75211
100897
75212
100898
75213
a: 100899, errors: 2
75214
100900
75215
100901
a: 75216, errors: 2
100902
75217
100903
75218
100904
75219
100905
75220
100906
75221
100907
75222
100908
75223
100909
75224
100910
75225
100911
75226
100912
75227
100913
75228
100914
75229
100915
75230
100916
75231
100917
75232
100918
75233
100919
75234
100920
75235
100921
75236
100922
75237
100923
75238
100924
75239
100925
75240
100926
75241
100927
75242
100928
75243
100929
75244
100930
75245
100931
75246
100932
75247
100933
75248
100934
75249
100935
75250
a: 100936, errors: 2
75251
100937
75252
100938
75253
100939
75254
100940
75255
a: 100941, errors: 2
75256
100942
75257
100943
75258
100944
75259
a: 100945, errors: 2
75260
100946
75261
100947
75262
100948
75263
100949
75264
100950
75265
a: 100951, errors: 2
75266
100952
75267
100953
75268
100954
75269
100955
75270
100956
a: 75271, errors: 6
100957
75272
100958
75273
100959
75274
100960
75275
100961
75276
100962
75277
100963
75278
100964
75279
100965
75280
100966
75281
100967
75282
100968
75283
100969
75284
100970
75285
100971
75286
a: 100972, errors: 2
75287
100973
75288
100974
75289
100975
75290
100976
75291
a: 100977, errors: 2
75292
100978
75293
100979
75294
100980
75295
a: 100981, errors: 2
75296
a: 100982, errors: 2
75297
100983
75298
100984
75299
100985
75300
100986
a: 75301, errors: 2
a: 100987, errors: 2
75302
100988
75303
100989
75304
100990
75305
100991
75306
100992
75307
100993
75308
100994
75309
100995
75310
100996
75311
100997
75312
a: 100998, errors: 2
75313
a: 100999, errors: 2
75314
101000
75315
101001
75316
101002
75317
101003
75318
101004
75319
101005
75320
101006
75321
101007
75322
101008
75323
101009
75324
101010
75325
a: 101011, errors: 2
75326
101012
75327
101013
75328
101014
75329
101015
75330
101016
75331
101017
75332
101018
75333
101019
75334
a: 101020, errors: 2
75335
101021
75336
101022
75337
101023
75338
101024
75339
101025
75340
a: 101026, errors: 2
75341
101027
75342
101028
75343
101029
75344
101030
75345
101031
75346
101032
75347
101033
75348
101034
75349
101035
75350
101036
a: 75351, errors: 2
101037
75352
101038
75353
101039
75354
101040
75355
101041
a: 75356, errors: 2
101042
75357
101043
75358
101044
75359
101045
75360
a: 101046, errors: 2
75361
101047
75362
a: 101048, errors: 2
75363
101049
75364
101050
75365
101051
75366
101052
75367
101053
75368
101054
75369
101055
75370
101056
75371
101057
75372
a: 101058, errors: 2
75373
101059
75374
101060
75375
101061
75376
101062
75377
101063
75378
101064
75379
a: 101065, errors: 2
75380
a: 101066, errors: 4
75381
101067
75382
101068
75383
101069
75384
101070
75385
a: 101071, errors: 2
a: 75386, errors: 2
101072
75387
101073
75388
101074
75389
101075
75390
101076
75391
101077
75392
a: 101078, errors: 2
75393
101079
75394
101080
75395
101081
75396
101082
75397
101083
75398
101084
75399
101085
75400
101086
75401
101087
75402
101088
75403
a: 101089, errors: 2
75404
101090
75405
101091
75406
101092
75407
101093
75408
101094
75409
101095
75410
101096
75411
101097
75412
101098
75413
101099
75414
101100
75415
101101
75416
a: 101102, errors: 2
75417
101103
75418
101104
75419
101105
75420
101106
75421
101107
75422
101108
75423
a: 101109, errors: 2
75424
101110
75425
101111
75426
101112
75427
101113
75428
101114
75429
101115
75430
101116
75431
101117
75432
101118
75433
101119
75434
101120
75435
101121
75436
101122
75437
101123
75438
101124
75439
a: 101125, errors: 2
75440
101126
75441
101127
75442
101128
75443
101129
75444
101130
75445
101131
75446
101132
75447
101133
75448
101134
75449
101135
75450
101136
75451
101137
75452
101138
75453
101139
75454
101140
75455
101141
75456
101142
75457
101143
75458
101144
75459
101145
75460
101146
75461
101147
75462
101148
75463
101149
75464
101150
75465
a: 101151, errors: 4
75466
101152
75467
101153
75468
101154
75469
101155
75470
101156
75471
101157
75472
101158
75473
101159
75474
101160
75475
a: 101161, errors: 2
75476
101162
75477
101163
75478
101164
75479
101165
75480
101166
75481
a: 101167, errors: 2
75482
101168
75483
101169
75484
101170
75485
101171
75486
101172
75487
101173
75488
101174
75489
101175
75490
101176
75491
101177
75492
101178
75493
101179
75494
101180
75495
101181
75496
101182
75497
101183
75498
101184
75499
101185
75500
101186
75501
a: 101187, errors: 2
75502
101188
75503
101189
75504
a: 101190, errors: 2
75505
101191
75506
101192
75507
101193
75508
101194
75509
101195
75510
101196
a: 75511, errors: 2
a: 101197, errors: 2
75512
101198
75513
101199
75514
101200
75515
101201
75516
101202
75517
101203
75518
101204
75519
101205
75520
a: 101206, errors: 10
75521
101207
75522
101208
75523
101209
75524
101210
75525
101211
75526
101212
75527
101213
75528
101214
75529
101215
75530
101216
75531
101217
75532
101218
75533
a: 101219, errors: 4
75534
101220
a: 75535, errors: 2
101221
75536
101222
75537
a: 101223, errors: 2
75538
101224
75539
101225
75540
a: 101226, errors: 2
75541
101227
75542
101228
75543
101229
75544
101230
75545
101231
75546
101232
75547
101233
75548
101234
75549
a: 101235, errors: 2
75550
a: 101236, errors: 2
75551
101237
75552
101238
75553
101239
75554
101240
75555
101241
75556
101242
75557
101243
75558
101244
75559
101245
75560
101246
75561
101247
75562
a: 101248, errors: 2
75563
101249
75564
101250
75565
101251
a: 75566, errors: 2
101252
75567
101253
75568
101254
75569
101255
75570
101256
75571
101257
75572
101258
75573
101259
75574
101260
75575
a: 101261, errors: 2
75576
101262
75577
101263
75578
101264
75579
101265
75580
101266
75581
101267
75582
101268
75583
101269
75584
101270
75585
101271
75586
101272
75587
101273
75588
101274
75589
101275
75590
a: 101276, errors: 2
75591
101277
75592
101278
75593
101279
75594
101280
75595
101281
75596
101282
75597
101283
75598
101284
75599
101285
75600
101286
75601
101287
75602
101288
75603
101289
75604
a: 101290, errors: 2
75605
101291
75606
101292
75607
101293
75608
101294
75609
101295
75610
101296
75611
101297
75612
101298
75613
101299
75614
101300
75615
101301
75616
101302
75617
101303
75618
101304
75619
101305
75620
101306
75621
101307
75622
101308
75623
101309
a: 75624, errors: 2
101310
75625
a: 101311, errors: 2
75626
101312
75627
101313
75628
101314
75629
101315
75630
101316
75631
101317
75632
101318
75633
101319
75634
101320
75635
101321
75636
101322
75637
a: 101323, errors: 2
75638
a: 101324, errors: 2
75639
101325
75640
101326
75641
101327
75642
101328
75643
101329
75644
101330
75645
101331
75646
101332
75647
101333
a: 75648, errors: 2
a: 101334, errors: 2
75649
101335
75650
101336
75651
101337
75652
101338
75653
101339
75654
101340
75655
101341
75656
101342
75657
101343
75658
101344
75659
101345
75660
101346
75661
101347
75662
101348
75663
101349
75664
101350
75665
101351
75666
101352
75667
101353
75668
101354
75669
101355
75670
101356
75671
101357
75672
101358
75673
101359
75674
101360
75675
101361
75676
101362
75677
101363
75678
101364
75679
101365
75680
101366
75681
101367
75682
101368
75683
101369
75684
101370
75685
101371
75686
101372
75687
101373
75688
101374
75689
101375
75690
101376
75691
a: 101377, errors: 2
75692
101378
75693
a: 101379, errors: 2
75694
101380
75695
101381
75696
101382
75697
101383
75698
101384
75699
101385
75700
101386
75701
101387
75702
101388
75703
a: 101389, errors: 2
75704
101390
75705
101391
75706
101392
75707
101393
75708
101394
75709
a: 101395, errors: 2
75710
a: 101396, errors: 2
75711
101397
75712
101398
75713
101399
75714
a: 101400, errors: 2
75715
101401
75716
101402
75717
101403
75718
101404
75719
101405
75720
101406
75721
101407
75722
101408
75723
101409
75724
101410
75725
a: 101411, errors: 2
75726
101412
75727
101413
75728
101414
75729
101415
75730
101416
75731
101417
75732
101418
75733
a: 101419, errors: 2
75734
101420
75735
101421
75736
101422
75737
101423
75738
101424
75739
101425
75740
101426
75741
101427
75742
101428
75743
101429
75744
101430
75745
101431
75746
101432
75747
101433
75748
101434
75749
101435
75750
101436
75751
101437
75752
101438
75753
101439
75754
a: 101440, errors: 4
75755
a: 101441, errors: 2
75756
101442
75757
101443
75758
101444
75759
101445
75760
101446
75761
101447
75762
101448
75763
101449
a: 75764, errors: 2
101450
75765
101451
75766
101452
75767
101453
75768
101454
75769
101455
75770
101456
75771
101457
75772
101458
75773
101459
75774
101460
75775
101461
75776
101462
75777
101463
75778
101464
75779
101465
75780
a: 101466, errors: 2
75781
a: 101467, errors: 2
75782
101468
a: 75783, errors: 2
101469
75784
101470
75785
101471
75786
101472
75787
a: 101473, errors: 2
75788
101474
75789
101475
75790
101476
75791
101477
75792
101478
75793
a: 101479, errors: 2
75794
101480
75795
101481
75796
101482
a: 75797, errors: 2
101483
75798
101484
a: 75799, errors: 2
101485
75800
101486
75801
101487
75802
101488
75803
101489
75804
101490
75805
a: 101491, errors: 2
75806
101492
75807
101493
75808
101494
75809
101495
75810
101496
75811
101497
75812
101498
75813
101499
75814
101500
75815
101501
75816
a: 101502, errors: 2
75817
101503
75818
101504
75819
101505
75820
101506
75821
101507
75822
101508
75823
101509
75824
101510
75825
101511
75826
101512
75827
101513
75828
101514
75829
101515
75830
101516
75831
101517
75832
101518
75833
101519
75834
101520
75835
101521
75836
101522
75837
101523
75838
101524
75839
101525
75840
101526
75841
101527
75842
101528
75843
101529
75844
101530
75845
a: 101531, errors: 2
75846
101532
75847
101533
75848
101534
75849
a: 101535, errors: 2
75850
a: 101536, errors: 2
75851
101537
75852
101538
75853
a: 101539, errors: 2
75854
101540
75855
101541
75856
a: 101542, errors: 2
75857
a: 101543, errors: 2
75858
101544
75859
101545
75860
101546
75861
101547
75862
101548
75863
101549
75864
a: 101550, errors: 2
75865
101551
75866
101552
75867
101553
75868
101554
75869
101555
75870
101556
75871
101557
75872
101558
75873
101559
75874
101560
75875
101561
75876
101562
75877
101563
75878
101564
75879
101565
75880
101566
75881
101567
75882
101568
75883
101569
75884
101570
75885
a: 101571, errors: 2
75886
101572
75887
101573
75888
101574
75889
101575
75890
101576
75891
101577
75892
101578
75893
101579
75894
101580
75895
101581
75896
101582
75897
101583
75898
101584
75899
101585
75900
101586
75901
101587
75902
101588
75903
101589
75904
101590
75905
101591
75906
101592
75907
101593
75908
101594
75909
101595
75910
a: 101596, errors: 2
75911
101597
75912
101598
75913
101599
75914
101600
75915
101601
a: 75916, errors: 2
101602
75917
101603
75918
101604
75919
101605
75920
101606
75921
101607
75922
101608
75923
101609
75924
101610
75925
101611
75926
101612
75927
101613
75928
101614
75929
101615
75930
a: 101616, errors: 4
a: 75931, errors: 2
101617
75932
101618
75933
101619
75934
101620
75935
101621
75936
101622
75937
101623
75938
101624
75939
101625
75940
a: 101626, errors: 2
75941
101627
75942
a: 101628, errors: 2
75943
101629
75944
101630
75945
101631
75946
101632
75947
101633
75948
101634
75949
101635
75950
101636
75951
101637
75952
101638
75953
101639
75954
101640
75955
101641
75956
101642
75957
101643
75958
101644
75959
101645
75960
101646
75961
101647
75962
101648
75963
101649
75964
101650
75965
101651
75966
101652
75967
101653
75968
101654
75969
101655
75970
a: 101656, errors: 2
75971
101657
75972
101658
75973
101659
75974
101660
75975
a: 101661, errors: 8
75976
101662
75977
101663
75978
101664
75979
101665
75980
101666
75981
101667
75982
101668
75983
101669
75984
101670
75985
a: 101671, errors: 2
75986
101672
75987
101673
75988
a: 101674, errors: 2
75989
101675
75990
101676
a: 75991, errors: 2
101677
75992
101678
75993
101679
75994
101680
75995
101681
75996
101682
75997
a: 101683, errors: 2
75998
101684
75999
101685
76000
101686
76001
101687
76002
101688
76003
a: 101689, errors: 2
76004
a: 101690, errors: 2
76005
101691
76006
101692
76007
101693
76008
101694
76009
101695
76010
101696
76011
a: 101697, errors: 2
76012
101698
76013
101699
76014
101700
76015
101701
76016
101702
76017
101703
76018
101704
76019
101705
76020
101706
76021
101707
76022
101708
76023
101709
76024
a: 101710, errors: 2
76025
101711
76026
101712
76027
101713
76028
101714
76029
101715
76030
101716
76031
101717
76032
101718
76033
a: 101719, errors: 2
76034
101720
76035
101721
76036
101722
76037
101723
76038
101724
76039
101725
76040
a: 101726, errors: 2
76041
101727
76042
a: 101728, errors: 2
76043
101729
76044
101730
76045
101731
76046
a: 101732, errors: 2
76047
101733
76048
101734
a: 76049, errors: 2
a: 101735, errors: 2
76050
101736
a: 76051, errors: 2
101737
76052
101738
76053
101739
76054
101740
76055
101741
76056
101742
76057
101743
76058
101744
76059
101745
76060
101746
76061
101747
76062
101748
a: 76063, errors: 2
101749
76064
101750
76065
101751
76066
101752
76067
101753
76068
101754
76069
101755
76070
a: 101756, errors: 2
76071
101757
76072
101758
76073
101759
76074
101760
76075
101761
76076
101762
76077
101763
76078
101764
76079
101765
76080
101766
76081
101767
76082
101768
76083
101769
76084
101770
76085
101771
76086
101772
76087
101773
76088
101774
76089
101775
76090
a: 101776, errors: 2
76091
101777
76092
101778
76093
101779
76094
101780
76095
101781
76096
101782
76097
101783
76098
101784
76099
101785
76100
101786
76101
101787
76102
101788
76103
101789
76104
101790
76105
a: 101791, errors: 2
76106
101792
76107
101793
a: 76108, errors: 2
a: 101794, errors: 2
76109
101795
76110
101796
76111
101797
76112
101798
76113
101799
76114
a: 101800, errors: 2
76115
101801
76116
101802
76117
101803
76118
101804
76119
101805
76120
101806
76121
101807
76122
101808
76123
101809
76124
101810
76125
101811
a: 76126, errors: 2
101812
76127
101813
76128
101814
76129
a: 101815, errors: 2
76130
101816
76131
101817
76132
101818
76133
101819
76134
101820
76135
101821
76136
101822
76137
101823
76138
101824
76139
101825
76140
101826
a: 76141, errors: 2
101827
76142
101828
76143
101829
76144
101830
76145
101831
a: 76146, errors: 2
101832
76147
101833
76148
101834
76149
101835
76150
101836
76151
101837
76152
a: 101838, errors: 2
76153
101839
76154
101840
76155
101841
76156
101842
76157
101843
76158
101844
76159
101845
76160
101846
76161
101847
76162
101848
76163
101849
76164
101850
76165
101851
76166
101852
76167
101853
76168
101854
76169
101855
76170
101856
76171
101857
76172
101858
76173
101859
76174
101860
76175
101861
76176
101862
76177
101863
76178
101864
76179
101865
76180
101866
76181
101867
76182
101868
76183
101869
76184
101870
76185
a: 101871, errors: 2
76186
101872
76187
101873
76188
101874
76189
101875
76190
101876
76191
101877
76192
101878
76193
101879
76194
101880
76195
101881
76196
101882
76197
101883
76198
101884
76199
101885
76200
101886
a: 76201, errors: 2
101887
76202
101888
76203
101889
76204
101890
76205
101891
76206
101892
76207
101893
76208
101894
a: 76209, errors: 2
101895
76210
101896
76211
101897
76212
101898
76213
a: 101899, errors: 2
76214
101900
76215
101901
76216
101902
76217
101903
76218
101904
76219
101905
76220
101906
76221
101907
76222
a: 101908, errors: 4
76223
101909
76224
101910
76225
101911
76226
101912
76227
101913
76228
101914
76229
101915
76230
101916
a: 76231, errors: 2
101917
76232
101918
76233
101919
76234
101920
76235
101921
76236
101922
76237
101923
76238
101924
76239
101925
76240
101926
76241
101927
76242
101928
76243
101929
76244
101930
76245
101931
76246
101932
76247
101933
76248
101934
76249
101935
76250
101936
76251
101937
76252
101938
76253
101939
76254
101940
76255
101941
76256
101942
76257
101943
76258
101944
76259
101945
76260
101946
76261
101947
76262
101948
a: 76263, errors: 2
101949
76264
101950
76265
101951
76266
101952
76267
101953
76268
101954
76269
101955
76270
a: 101956, errors: 2
76271
101957
76272
101958
76273
101959
76274
101960
76275
101961
76276
101962
76277
101963
76278
101964
76279
101965
76280
101966
76281
101967
76282
101968
76283
101969
76284
101970
76285
a: 101971, errors: 2
76286
101972
76287
101973
76288
101974
76289
101975
76290
101976
76291
a: 101977, errors: 2
76292
a: 101978, errors: 2
76293
101979
76294
a: 101980, errors: 2
76295
101981
76296
101982
a: 76297, errors: 2
101983
76298
101984
76299
101985
76300
101986
76301
101987
76302
101988
76303
a: 101989, errors: 10
76304
101990
76305
101991
76306
101992
76307
101993
76308
101994
a: 76309, errors: 2
101995
76310
101996
76311
101997
76312
101998
76313
101999
76314
102000
76315
102001
a: 76316, errors: 2
102002
76317
102003
76318
102004
76319
102005
76320
102006
76321
102007
76322
102008
76323
102009
76324
102010
76325
102011
76326
a: 102012, errors: 4
76327
102013
76328
102014
76329
102015
76330
a: 102016, errors: 2
76331
102017
76332
102018
76333
102019
76334
102020
76335
102021
a: 76336, errors: 6
102022
76337
102023
76338
102024
76339
102025
76340
a: 102026, errors: 2
76341
102027
76342
102028
a: 76343, errors: 2
102029
76344
102030
76345
102031
76346
102032
76347
102033
76348
102034
76349
102035
76350
a: 102036, errors: 2
76351
102037
76352
a: 102038, errors: 2
76353
102039
76354
102040
76355
a: 102041, errors: 2
76356
102042
76357
102043
76358
102044
76359
102045
76360
a: 102046, errors: 2
76361
102047
76362
102048
76363
102049
76364
102050
76365
102051
a: 76366, errors: 4
102052
76367
102053
76368
102054
76369
102055
76370
102056
76371
102057
76372
102058
76373
102059
76374
102060
76375
a: 102061, errors: 10
76376
102062
76377
102063
76378
102064
76379
102065
76380
102066
a: 76381, errors: 2
102067
76382
102068
76383
102069
76384
102070
76385
102071
76386
102072
76387
102073
76388
102074
76389
a: 102075, errors: 2
76390
102076
76391
102077
76392
102078
76393
a: 102079, errors: 2
76394
102080
76395
102081
76396
102082
76397
102083
76398
102084
76399
102085
76400
a: 102086, errors: 2
76401
102087
76402
102088
76403
102089
76404
102090
76405
102091
76406
102092
76407
102093
76408
102094
76409
102095
76410
102096
76411
102097
76412
102098
76413
102099
76414
a: 102100, errors: 2
a: 76415, errors: 2
102101
76416
102102
76417
a: 102103, errors: 2
76418
102104
76419
102105
76420
102106
76421
102107
a: 76422, errors: 2
102108
76423
a: 102109, errors: 2
76424
102110
76425
102111
76426
102112
76427
102113
76428
102114
76429
102115
76430
102116
76431
102117
76432
102118
76433
102119
76434
102120
76435
102121
76436
102122
76437
102123
76438
102124
76439
102125
76440
102126
76441
102127
76442
a: 102128, errors: 2
76443
102129
76444
102130
76445
102131
76446
a: 102132, errors: 2
76447
102133
76448
102134
76449
102135
76450
a: 102136, errors: 4
76451
102137
76452
102138
76453
102139
76454
102140
76455
a: 102141, errors: 2
76456
102142
76457
102143
76458
102144
76459
102145
76460
102146
76461
102147
76462
102148
76463
102149
76464
102150
76465
102151
76466
102152
76467
102153
76468
102154
76469
a: 102155, errors: 4
a: 76470, errors: 2
102156
76471
102157
76472
102158
76473
102159
76474
102160
76475
102161
76476
102162
76477
a: 102163, errors: 2
76478
102164
76479
102165
76480
a: 102166, errors: 2
76481
102167
76482
102168
76483
102169
76484
102170
76485
102171
76486
102172
76487
102173
76488
102174
76489
102175
76490
102176
76491
102177
76492
a: 102178, errors: 2
76493
102179
76494
102180
76495
102181
76496
102182
76497
102183
76498
102184
76499
102185
76500
102186
76501
102187
76502
102188
76503
102189
76504
102190
76505
102191
76506
102192
76507
102193
76508
102194
76509
102195
a: 76510, errors: 2
102196
76511
102197
76512
102198
76513
102199
76514
102200
76515
a: 102201, errors: 2
76516
102202
76517
102203
76518
102204
76519
102205
76520
102206
76521
102207
76522
102208
76523
102209
76524
102210
76525
a: 102211, errors: 2
76526
102212
76527
102213
76528
a: 102214, errors: 2
76529
102215
76530
102216
76531
102217
76532
102218
76533
102219
76534
102220
76535
102221
76536
102222
76537
a: 102223, errors: 2
76538
102224
76539
102225
76540
102226
76541
a: 102227, errors: 2
76542
102228
76543
102229
76544
102230
76545
a: 102231, errors: 2
a: 76546, errors: 2
102232
76547
102233
76548
102234
76549
102235
76550
102236
76551
102237
76552
102238
76553
102239
76554
102240
76555
a: 102241, errors: 6
76556
102242
76557
a: 102243, errors: 2
a: 76558, errors: 2
102244
76559
102245
76560
102246
76561
102247
76562
102248
76563
102249
76564
102250
76565
102251
76566
102252
76567
102253
76568
a: 102254, errors: 2
76569
102255
76570
102256
76571
102257
76572
102258
a: 76573, errors: 2
102259
76574
102260
76575
102261
a: 76576, errors: 2
102262
76577
102263
76578
102264
76579
102265
76580
102266
76581
102267
76582
102268
76583
102269
76584
a: 102270, errors: 2
76585
102271
76586
102272
76587
102273
76588
102274
76589
102275
76590
102276
76591
102277
76592
102278
76593
102279
76594
102280
76595
102281
76596
102282
76597
102283
76598
102284
76599
102285
76600
102286
76601
102287
76602
102288
76603
102289
76604
102290
76605
102291
76606
102292
76607
102293
76608
102294
76609
a: 102295, errors: 2
76610
102296
76611
102297
76612
a: 102298, errors: 6
76613
102299
76614
102300
76615
102301
76616
102302
76617
102303
76618
102304
76619
102305
76620
a: 102306, errors: 2
76621
a: 102307, errors: 2
76622
102308
76623
102309
76624
102310
76625
102311
76626
102312
76627
102313
76628
102314
76629
102315
76630
102316
76631
102317
76632
102318
76633
102319
a: 76634, errors: 2
102320
76635
102321
76636
102322
76637
102323
76638
102324
a: 76639, errors: 2
102325
76640
102326
76641
102327
76642
102328
76643
102329
76644
102330
76645
102331
76646
102332
76647
a: 102333, errors: 2
76648
102334
76649
102335
76650
102336
76651
102337
76652
102338
76653
102339
76654
102340
76655
102341
76656
102342
76657
102343
76658
102344
76659
102345
76660
102346
76661
a: 102347, errors: 2
76662
102348
76663
102349
76664
102350
76665
102351
76666
102352
76667
102353
76668
102354
76669
102355
76670
102356
76671
102357
76672
102358
76673
102359
76674
102360
76675
a: 102361, errors: 2
76676
102362
76677
102363
76678
102364
76679
102365
76680
102366
76681
102367
76682
102368
76683
102369
76684
102370
a: 76685, errors: 2
a: 102371, errors: 4
76686
102372
76687
102373
76688
102374
76689
a: 102375, errors: 2
a: 76690, errors: 2
a: 102376, errors: 6
76691
102377
76692
102378
76693
102379
76694
102380
76695
102381
76696
102382
76697
102383
76698
102384
76699
102385
76700
102386
76701
102387
76702
102388
76703
102389
76704
102390
76705
102391
76706
a: 102392, errors: 2
76707
102393
76708
102394
76709
102395
76710
102396
76711
102397
76712
102398
76713
102399
76714
102400
76715
102401
76716
102402
76717
102403
76718
102404
76719
102405
76720
a: 102406, errors: 2
76721
102407
76722
102408
76723
102409
76724
102410
76725
102411
a: 76726, errors: 2
102412
76727
102413
76728
102414
76729
102415
76730
a: 102416, errors: 2
76731
102417
76732
102418
76733
102419
76734
102420
76735
a: 102421, errors: 6
76736
102422
76737
102423
76738
102424
76739
102425
76740
102426
76741
102427
76742
102428
76743
102429
76744
102430
76745
102431
76746
102432
76747
102433
76748
102434
76749
102435
76750
102436
76751
102437
76752
102438
76753
102439
76754
102440
76755
102441
76756
102442
76757
102443
76758
102444
76759
a: 102445, errors: 2
76760
102446
76761
102447
76762
102448
76763
102449
76764
102450
76765
102451
76766
102452
76767
102453
76768
102454
a: 76769, errors: 2
102455
a: 76770, errors: 2
102456
a: 76771, errors: 4
102457
76772
102458
76773
102459
76774
a: 102460, errors: 4
76775
102461
76776
102462
76777
102463
76778
102464
76779
102465
76780
102466
76781
102467
76782
102468
76783
102469
76784
102470
76785
102471
76786
102472
76787
102473
76788
102474
76789
102475
a: 76790, errors: 2
102476
76791
102477
76792
102478
76793
102479
76794
a: 102480, errors: 2
76795
a: 102481, errors: 2
76796
102482
76797
102483
76798
a: 102484, errors: 2
76799
102485
76800
102486
76801
102487
76802
102488
76803
102489
76804
102490
76805
102491
76806
102492
76807
a: 102493, errors: 2
76808
102494
76809
102495
76810
102496
a: 76811, errors: 2
102497
76812
102498
76813
102499
76814
102500
76815
102501
76816
a: 102502, errors: 2
76817
102503
76818
a: 102504, errors: 2
76819
102505
76820
102506
76821
102507
76822
102508
76823
102509
76824
102510
76825
102511
76826
102512
76827
102513
76828
102514
76829
102515
76830
102516
76831
a: 102517, errors: 2
76832
a: 102518, errors: 2
76833
102519
76834
102520
76835
102521
76836
102522
76837
102523
76838
102524
76839
102525
76840
a: 102526, errors: 2
76841
102527
76842
a: 102528, errors: 2
76843
102529
76844
102530
76845
102531
76846
102532
76847
102533
76848
102534
76849
102535
76850
102536
76851
102537
76852
102538
76853
102539
76854
102540
76855
102541
76856
102542
76857
102543
76858
102544
76859
102545
76860
102546
76861
102547
76862
102548
76863
102549
76864
102550
76865
a: 102551, errors: 2
a: 76866, errors: 2
102552
76867
102553
76868
102554
76869
102555
76870
102556
76871
102557
76872
102558
76873
a: 102559, errors: 2
76874
102560
76875
102561
76876
102562
76877
102563
76878
102564
76879
102565
76880
102566
76881
102567
76882
102568
76883
102569
76884
102570
76885
a: 102571, errors: 2
76886
102572
76887
102573
76888
102574
76889
102575
76890
102576
76891
102577
76892
102578
76893
102579
76894
102580
76895
102581
76896
102582
76897
102583
76898
102584
76899
102585
76900
102586
76901
102587
76902
a: 102588, errors: 2
76903
102589
76904
102590
76905
102591
76906
102592
76907
102593
76908
102594
76909
102595
76910
102596
76911
102597
76912
102598
76913
102599
76914
102600
76915
102601
76916
102602
76917
102603
76918
102604
76919
102605
76920
102606
76921
102607
76922
102608
76923
102609
76924
102610
76925
102611
76926
102612
76927
102613
76928
a: 102614, errors: 2
76929
102615
a: 76930, errors: 2
102616
76931
102617
76932
102618
76933
102619
a: 76934, errors: 2
102620
76935
a: 102621, errors: 2
a: 76936, errors: 2
a: 102622, errors: 2
76937
102623
76938
102624
76939
102625
76940
102626
76941
102627
76942
102628
76943
102629
76944
102630
76945
102631
76946
102632
76947
102633
76948
102634
76949
102635
76950
102636
76951
102637
76952
102638
76953
102639
76954
102640
76955
102641
76956
102642
76957
102643
76958
102644
76959
102645
a: 76960, errors: 2
a: 102646, errors: 4
76961
a: 102647, errors: 2
76962
102648
76963
102649
76964
102650
76965
102651
76966
102652
76967
102653
76968
102654
76969
102655
76970
102656
76971
102657
76972
102658
76973
102659
76974
102660
76975
a: 102661, errors: 2
76976
102662
76977
102663
76978
102664
76979
102665
76980
102666
76981
102667
76982
102668
76983
102669
76984
102670
76985
102671
76986
102672
76987
a: 102673, errors: 2
76988
102674
76989
102675
76990
102676
76991
102677
76992
102678
76993
a: 102679, errors: 2
76994
102680
76995
102681
76996
102682
76997
102683
76998
102684
a: 76999, errors: 2
102685
77000
102686
77001
a: 102687, errors: 2
77002
102688
77003
102689
77004
102690
77005
102691
77006
102692
77007
102693
77008
102694
77009
102695
77010
102696
77011
102697
77012
102698
77013
102699
77014
102700
77015
102701
77016
102702
77017
102703
77018
102704
77019
a: 102705, errors: 6
77020
102706
77021
102707
77022
102708
a: 77023, errors: 4
102709
77024
102710
77025
102711
77026
102712
77027
102713
77028
102714
77029
102715
77030
102716
77031
102717
77032
102718
77033
102719
77034
102720
77035
a: 102721, errors: 2
77036
102722
77037
102723
77038
a: 102724, errors: 2
77039
102725
77040
102726
77041
102727
77042
102728
77043
102729
77044
102730
77045
102731
77046
102732
77047
102733
77048
102734
77049
102735
77050
102736
77051
102737
77052
102738
77053
102739
77054
102740
77055
102741
a: 77056, errors: 4
102742
77057
102743
77058
102744
77059
102745
77060
102746
77061
102747
77062
102748
77063
a: 102749, errors: 2
77064
102750
77065
102751
77066
102752
77067
102753
77068
a: 102754, errors: 4
77069
102755
77070
102756
a: 77071, errors: 2
102757
77072
102758
77073
102759
77074
102760
77075
102761
77076
102762
77077
102763
77078
102764
77079
102765
77080
102766
77081
102767
77082
102768
77083
102769
77084
102770
77085
102771
77086
102772
77087
102773
77088
102774
a: 77089, errors: 2
102775
77090
102776
77091
102777
77092
102778
77093
102779
77094
102780
77095
102781
77096
a: 102782, errors: 2
77097
102783
77098
102784
77099
102785
77100
a: 102786, errors: 2
77101
102787
77102
102788
77103
102789
a: 77104, errors: 2
102790
77105
102791
77106
a: 102792, errors: 2
77107
102793
77108
102794
77109
102795
77110
102796
77111
102797
77112
a: 102798, errors: 2
a: 77113, errors: 2
102799
77114
102800
77115
102801
77116
102802
77117
a: 102803, errors: 2
77118
102804
77119
a: 102805, errors: 2
a: 77120, errors: 2
102806
77121
102807
77122
102808
77123
102809
77124
102810
77125
102811
77126
102812
77127
102813
77128
102814
77129
102815
77130
a: 102816, errors: 2
77131
102817
77132
102818
77133
102819
77134
102820
77135
102821
77136
102822
77137
102823
77138
102824
77139
102825
77140
a: 102826, errors: 2
77141
102827
77142
102828
77143
102829
77144
102830
77145
a: 102831, errors: 2
77146
102832
77147
102833
77148
102834
77149
102835
77150
102836
77151
102837
77152
102838
77153
a: 102839, errors: 4
77154
102840
77155
102841
77156
102842
77157
102843
77158
102844
77159
a: 102845, errors: 2
77160
102846
77161
102847
77162
102848
77163
102849
77164
102850
77165
102851
77166
102852
77167
102853
77168
102854
77169
102855
77170
a: 102856, errors: 4
77171
102857
77172
102858
77173
102859
77174
102860
77175
102861
77176
102862
77177
102863
77178
a: 102864, errors: 2
77179
102865
77180
102866
77181
102867
77182
102868
77183
102869
77184
102870
77185
102871
77186
102872
77187
a: 102873, errors: 2
77188
102874
77189
102875
77190
102876
77191
102877
77192
102878
77193
102879
77194
102880
77195
a: 102881, errors: 2
77196
102882
77197
102883
77198
102884
102885
77199
a: 102886, errors: 2
77200
102887
77201
102888
77202
102889
77203
102890
77204
102891
77205
102892
77206
102893
77207
102894
77208
102895
77209
102896
77210
102897
77211
102898
77212
102899
77213
102900
77214
102901
77215
102902
77216
102903
77217
102904
77218
102905
77219
102906
77220
a: 102907, errors: 2
77221
102908
77222
102909
77223
102910
77224
102911
77225
102912
77226
102913
77227
102914
77228
a: 102915, errors: 2
77229
102916
77230
102917
77231
102918
77232
102919
77233
102920
77234
102921
77235
a: 102922, errors: 2
77236
102923
77237
102924
77238
102925
77239
102926
77240
102927
77241
102928
77242
102929
77243
102930
77244
102931
77245
102932
77246
102933
77247
102934
77248
102935
77249
a: 102936, errors: 2
77250
102937
77251
102938
77252
102939
77253
102940
77254
102941
77255
102942
77256
102943
77257
102944
77258
102945
77259
102946
77260
102947
77261
102948
77262
102949
77263
102950
77264
102951
77265
102952
77266
102953
77267
102954
77268
102955
77269
102956
77270
102957
77271
102958
77272
102959
a: 77273, errors: 2
102960
77274
102961
77275
102962
77276
102963
77277
a: 102964, errors: 2
77278
102965
77279
102966
77280
102967
77281
102968
77282
102969
77283
102970
77284
102971
77285
102972
77286
102973
77287
a: 102974, errors: 2
77288
102975
77289
102976
77290
102977
77291
102978
77292
102979
77293
