
77191
102882
102883
102884
102885
102886
102887
102888
102889
102890
102891
102892
102893
102894
102895
102896
102897
102898
102899
102900
102901
102902
102903
102904
102905
102906
77192
102907
77193
102908
77194
102909
77195
102910
77196
102911
77197
102912
77198
102913
77199
102914
77200
102915
77201
102916
77202
102917
77203
102918
77204
102919
77205
102920
77206
102921
77207
102922
77208
102923
77209
102924
77210
102925
77211
102926
77212
102927
77213
102928
77214
102929
77215
102930
77216
102931
77217
102932
77218
102933
77219
102934
77220
102935
77221
102936
77222
102937
77223
102938
77224
102939
77225
102940
77226
102941
77227
102942
77228
102943
77229
102944
77230
102945
77231
102946
77232
102947
77233
102948
77234
102949
77235
102950
77236
102951
77237
102952
77238
102953
77239
102954
77240
102955
77241
102956
77242
102957
77243
102958
77244
102959
77245
102960
77246
102961
77247
102962
77248
102963
77249
102964
77250
102965
77251
102966
77252
102967
77253
102968
77254
102969
77255
102970
77256
102971
77257
102972
77258
102973
77259
102974
77260
102975
77261
102976
77262
102977
77263
102978
77264
102979
77265
102980
77266
102981
77267
102982
77268
102983
77269
102984
77270
102985
77271
102986
77272
102987
77273
102988
77274
102989
77275
102990
77276
102991
77277
102992
77278
102993
77279
102994
77280
102995
77281
102996
77282
102997
77283
102998
77284
102999
77285
103000
77286
103001
77287
