0.000000 0.000045
1.000000 0.329047
2.000000 1.186921
3.000000 1.053668
4.000000 0.352497
5.000000 0.070291
6.000000 0.033974
7.000000 0.185251
8.000000 0.296969
9.000000 0.299811
10.000000 0.141997
11.000000 0.031727
12.000000 0.035724
13.000000 0.083902
14.000000 0.150672
15.000000 0.131828
16.000000 0.066239
17.000000 0.021069
18.000000 0.008960
19.000000 0.014145
20.000000 0.011804
21.000000 0.012680
22.000000 0.014234
23.000000 0.018114
24.000000 0.021991
25.000000 0.026248
26.000000 0.025669
27.000000 0.003205
28.000000 0.065351
29.000000 0.082012
30.000000 0.048077
31.000000 0.020222
32.000000 0.000518
33.000000 0.000533
34.000000 0.011363
35.000000 0.021346
36.000000 0.005136
37.000000 0.000184
38.000000 0.002844
39.000000 0.007757
40.000000 0.007191
41.000000 0.008897
42.000000 0.008920
43.000000 0.000381
44.000000 0.000139
45.000000 0.009547
46.000000 0.008790
47.000000 0.002460
48.000000 0.023175
49.000000 0.051872
50.000000 0.064304
51.000000 0.066583
52.000000 0.037409
53.000000 0.015650
54.000000 0.087424
55.000000 0.107808
56.000000 0.114819
57.000000 0.126956
58.000000 0.084183
59.000000 0.072959
60.000000 0.244877
61.000000 0.250849
62.000000 0.251568
63.000000 0.133708
64.000000 0.082599
65.000000 0.012410
66.000000 0.000511
67.000000 0.012222
68.000000 0.040050
69.000000 0.001569
70.000000 0.007480
71.000000 0.010323
72.000000 0.015031
73.000000 0.012875
74.000000 0.027279
75.000000 0.002507
76.000000 0.006438
77.000000 0.020654
78.000000 0.015521
79.000000 0.017933
80.000000 0.014234
81.000000 0.002277
82.000000 0.005863
83.000000 0.011454
84.000000 0.009036
85.000000 0.004653
86.000000 0.010810
87.000000 0.014731
88.000000 0.013450
89.000000 0.020317
90.000000 0.014273
91.000000 0.019904
92.000000 0.067670
93.000000 0.084152
94.000000 0.032658
95.000000 0.009955
96.000000 0.002104
97.000000 0.014377
98.000000 0.000185
99.000000 0.011612
100.000000 0.012574
101.000000 0.000255
102.000000 0.007086
103.000000 0.003025
104.000000 0.010823
105.000000 0.007641
106.000000 0.008922
107.000000 0.001544
108.000000 0.003804
109.000000 0.010708
110.000000 0.006414
111.000000 0.010032
112.000000 0.022995
113.000000 0.029975
114.000000 0.034021
115.000000 0.019882
116.000000 0.009783
117.000000 0.026950
118.000000 0.038919
119.000000 0.045237
120.000000 0.040829
121.000000 0.029036
122.000000 0.024201
123.000000 0.025167
124.000000 0.130305
125.000000 0.161515
126.000000 0.019039
127.000000 0.015491
128.000000 0.000085
129.000000 0.000411
130.000000 0.064434
131.000000 0.033426
132.000000 0.060595
133.000000 0.045973
134.000000 0.007389
135.000000 0.054117
136.000000 0.021787
137.000000 0.050371
138.000000 0.049851
139.000000 0.017357
140.000000 0.011445
141.000000 0.006649
142.000000 0.020937
143.000000 0.010316
144.000000 0.037154
145.000000 0.011000
146.000000 0.005124
147.000000 0.005565
148.000000 0.011562
149.000000 0.018632
150.000000 0.018057
151.000000 0.009119
152.000000 0.011992
153.000000 0.002565
154.000000 0.005145
155.000000 0.009774
156.000000 0.068475
157.000000 0.029265
158.000000 0.050084
159.000000 0.008265
160.000000 0.000210
161.000000 0.002329
162.000000 0.000014
163.000000 0.014824
164.000000 0.013716
165.000000 0.002485
166.000000 0.008779
167.000000 0.009743
168.000000 0.013683
169.000000 0.004600
170.000000 0.002413
171.000000 0.000060
172.000000 0.004445
173.000000 0.006509
174.000000 0.009844
175.000000 0.013869
176.000000 0.014142
177.000000 0.001754
178.000000 0.009668
179.000000 0.004801
180.000000 0.009663
181.000000 0.016901
182.000000 0.024960
183.000000 0.034094
184.000000 0.001355
185.000000 0.002735
186.000000 0.009160
187.000000 0.058381
188.000000 0.134250
189.000000 0.034155
190.000000 0.012963
191.000000 0.063799
192.000000 0.020147
193.000000 0.034975
194.000000 0.002326
195.000000 0.043596
196.000000 0.022013
197.000000 0.006170
198.000000 0.009328
199.000000 0.012286
200.000000 0.033264
201.000000 0.021067
202.000000 0.011498
203.000000 0.002503
204.000000 0.011788
205.000000 0.014717
206.000000 0.009983
207.000000 0.018897
208.000000 0.004274
209.000000 0.004222
210.000000 0.011533
211.000000 0.005372
212.000000 0.008862
213.000000 0.002628
214.000000 0.010091
215.000000 0.013353
216.000000 0.026882
217.000000 0.014806
218.000000 0.007551
219.000000 0.030144
220.000000 0.017637
221.000000 0.017959
222.000000 0.023720
223.000000 0.005922
224.000000 0.005490
225.000000 0.011783
226.000000 0.002407
227.000000 0.000041
228.000000 0.025800
229.000000 0.006727
230.000000 0.006267
231.000000 0.007555
232.000000 0.007293
233.000000 0.012982
234.000000 0.000073
235.000000 0.001978
236.000000 0.007470
237.000000 0.003596
238.000000 0.011828
239.000000 0.007949
240.000000 0.017914
241.000000 0.024585
242.000000 0.028568
243.000000 0.003071
244.000000 0.008834
245.000000 0.017204
246.000000 0.009387
247.000000 0.041759
248.000000 0.088218
249.000000 0.078640
250.000000 0.050479
251.000000 0.047818
252.000000 0.000084
253.000000 0.002647
254.000000 0.004427
255.000000 0.003602
256.000000 0.093882
257.000000 0.065467
258.000000 0.024716
259.000000 0.207257
260.000000 0.109746
261.000000 0.002574
262.000000 0.044563
263.000000 0.080962
264.000000 0.090349
265.000000 0.106861
266.000000 0.056656
267.000000 0.024410
268.000000 0.032449
269.000000 0.032180
270.000000 0.057857
271.000000 0.047050
272.000000 0.030199
273.000000 0.003243
274.000000 0.007002
275.000000 0.009012
276.000000 0.011921
277.000000 0.010625
278.000000 0.014269
279.000000 0.011386
280.000000 0.022113
281.000000 0.017083
282.000000 0.011868
283.000000 0.025229
284.000000 0.042751
285.000000 0.017918
286.000000 0.014260
287.000000 0.003989
288.000000 0.000119
289.000000 0.000087
290.000000 0.024483
291.000000 0.014173
292.000000 0.002481
293.000000 0.000087
294.000000 0.006352
295.000000 0.006611
296.000000 0.014030
297.000000 0.004861
298.000000 0.003927
299.000000 0.003920
300.000000 0.003555
301.000000 0.005943
302.000000 0.005677
303.000000 0.008530
304.000000 0.010160
305.000000 0.016272
306.000000 0.011707
307.000000 0.003675
308.000000 0.009978
309.000000 0.010266
310.000000 0.016492
311.000000 0.013306
312.000000 0.011961
313.000000 0.022139
314.000000 0.020680
315.000000 0.033836
316.000000 0.068177
317.000000 0.053263
318.000000 0.075041
319.000000 0.031505
320.000000 0.027311
321.000000 0.002458
322.000000 0.023476
323.000000 0.020126
324.000000 0.005875
325.000000 0.001825
326.000000 0.002018
327.000000 0.017859
328.000000 0.024889
329.000000 0.031166
330.000000 0.002436
331.000000 0.016165
332.000000 0.008138
333.000000 0.008307
334.000000 0.012893
335.000000 0.012162
336.000000 0.003450
337.000000 0.000826
338.000000 0.006098
339.000000 0.001256
340.000000 0.008576
341.000000 0.005617
342.000000 0.006986
343.000000 0.005254
344.000000 0.009219
345.000000 0.008016
346.000000 0.019684
347.000000 0.032427
348.000000 0.057137
349.000000 0.036825
350.000000 0.013283
351.000000 0.005620
352.000000 0.011719
353.000000 0.002415
354.000000 0.000085
355.000000 0.023088
356.000000 0.004199
357.000000 0.006001
358.000000 0.006743
359.000000 0.009525
360.000000 0.004284
361.000000 0.003970
362.000000 0.009091
363.000000 0.003088
364.000000 0.006762
365.000000 0.010074
366.000000 0.005204
367.000000 0.010144
368.000000 0.004102
369.000000 0.021839
370.000000 0.009887
371.000000 0.017833
372.000000 0.030868
373.000000 0.018386
374.000000 0.028944
375.000000 0.026492
376.000000 0.029653
377.000000 0.036799
378.000000 0.022156
379.000000 0.038715
380.000000 0.046152
381.000000 0.036021
382.000000 0.002670
383.000000 0.003847
384.000000 0.000048
385.000000 0.047000
386.000000 0.034269
387.000000 0.094315
388.000000 0.028322
389.000000 0.004089
390.000000 0.023356
391.000000 0.028599
392.000000 0.029785
393.000000 0.032330
394.000000 0.016975
395.000000 0.006480
396.000000 0.011631
397.000000 0.024818
398.000000 0.011445
399.000000 0.007179
400.000000 0.007065
401.000000 0.008239
402.000000 0.005371
403.000000 0.003854
404.000000 0.006022
405.000000 0.015339
406.000000 0.008445
407.000000 0.007516
408.000000 0.020951
409.000000 0.010099
410.000000 0.007615
411.000000 0.014230
412.000000 0.012896
413.000000 0.030712
414.000000 0.006847
415.000000 0.005641
416.000000 0.000048
417.000000 0.012663
418.000000 0.002455
419.000000 0.021232
420.000000 0.003914
421.000000 0.002450
422.000000 0.003991
423.000000 0.007841
424.000000 0.004919
425.000000 0.003847
426.000000 0.000028
427.000000 0.002438
428.000000 0.006980
429.000000 0.004521
430.000000 0.007498
431.000000 0.014863
432.000000 0.022083
433.000000 0.021675
434.000000 0.010873
435.000000 0.012781
436.000000 0.024570
437.000000 0.013294
438.000000 0.018951
439.000000 0.023747
440.000000 0.018225
441.000000 0.008508
442.000000 0.030833
443.000000 0.032585
444.000000 0.058401
445.000000 0.077810
446.000000 0.046207
447.000000 0.020603
448.000000 0.011801
449.000000 0.000049
450.000000 0.011737
451.000000 0.002427
452.000000 0.000037
453.000000 0.000024
454.000000 0.000051
455.000000 0.017965
456.000000 0.003716
457.000000 0.002428
458.000000 0.002469
459.000000 0.000015
460.000000 0.003945
461.000000 0.004169
462.000000 0.002540
463.000000 0.000029
464.000000 0.005918
465.000000 0.008225
466.000000 0.006644
467.000000 0.000089
468.000000 0.000034
469.000000 0.000030
470.000000 0.000053
471.000000 0.002458
472.000000 0.002438
473.000000 0.000026
474.000000 0.004145
475.000000 0.003035
476.000000 0.004934
477.000000 0.003653
478.000000 0.001160
479.000000 0.003304
480.000000 0.004551
481.000000 0.008583
482.000000 0.009721
483.000000 0.009662
484.000000 0.007076
485.000000 0.017277
486.000000 0.019061
487.000000 0.010740
488.000000 0.010593
489.000000 0.000670
490.000000 0.006001
491.000000 0.006038
492.000000 0.005999
493.000000 0.003869
494.000000 0.002505
495.000000 0.023492
496.000000 0.046601
497.000000 0.035691
498.000000 0.030284
499.000000 0.018943
500.000000 0.017586
501.000000 0.017471
502.000000 0.020180
503.000000 0.015036
504.000000 0.000030
505.000000 0.000030
506.000000 0.000030
507.000000 0.001968
508.000000 0.003875
509.000000 0.002906
510.000000 0.003474
511.000000 0.000020
512.000000 0.210300
513.000000 0.052072
514.000000 0.327320
515.000000 0.135282
516.000000 0.002408
517.000000 0.044514
518.000000 0.073309
519.000000 0.063532
520.000000 0.085162
521.000000 0.028243
522.000000 0.019799
523.000000 0.027574
524.000000 0.020596
525.000000 0.016957
526.000000 0.028768
527.000000 0.017927
528.000000 0.011235
529.000000 0.005661
530.000000 0.005131
531.000000 0.007430
532.000000 0.006692
533.000000 0.004939
534.000000 0.014387
535.000000 0.008737
536.000000 0.004934
537.000000 0.005280
538.000000 0.011772
539.000000 0.007042
540.000000 0.025979
541.000000 0.017641
542.000000 0.003138
543.000000 0.000077
544.000000 0.011675
545.000000 0.002392
546.000000 0.014851
547.000000 0.011645
548.000000 0.000044
549.000000 0.005017
550.000000 0.005477
551.000000 0.004428
552.000000 0.009577
553.000000 0.003877
554.000000 0.000074
555.000000 0.003247
556.000000 0.011538
557.000000 0.007330
558.000000 0.001411
559.000000 0.016498
560.000000 0.006129
561.000000 0.008532
562.000000 0.004117
563.000000 0.010137
564.000000 0.012298
565.000000 0.020645
566.000000 0.033589
567.000000 0.021772
568.000000 0.026299
569.000000 0.025755
570.000000 0.073064
571.000000 0.061495
572.000000 0.080210
573.000000 0.081952
574.000000 0.083766
575.000000 0.029582
576.000000 0.024069
577.000000 0.002406
578.000000 0.046946
579.000000 0.017206
580.000000 0.002423
581.000000 0.004034
582.000000 0.006874
583.000000 0.007631
584.000000 0.008354
585.000000 0.009636
586.000000 0.002523
587.000000 0.005872
588.000000 0.002894
589.000000 0.001245
590.000000 0.005355
591.000000 0.005078
592.000000 0.001261
593.000000 0.001684
594.000000 0.003971
595.000000 0.004958
596.000000 0.008982
597.000000 0.007541
598.000000 0.011024
599.000000 0.005673
600.000000 0.008234
601.000000 0.010139
602.000000 0.008114
603.000000 0.031454
604.000000 0.033275
605.000000 0.017623
606.000000 0.001988
607.000000 0.005903
608.000000 0.011756
609.000000 0.000021
610.000000 0.002441
611.000000 0.016222
612.000000 0.002883
613.000000 0.001536
614.000000 0.006843
615.000000 0.006220
616.000000 0.008431
617.000000 0.003932
618.000000 0.002440
619.000000 0.004149
620.000000 0.009218
621.000000 0.009590
622.000000 0.007485
623.000000 0.006654
624.000000 0.009605
625.000000 0.012278
626.000000 0.010384
627.000000 0.014486
628.000000 0.018316
629.000000 0.022064
630.000000 0.013903
631.000000 0.019022
632.000000 0.023509
633.000000 0.021150
634.000000 0.018847
635.000000 0.015467
636.000000 0.015008
637.000000 0.013709
638.000000 0.002061
639.000000 0.000062
640.000000 0.023508
641.000000 0.054851
642.000000 0.029340
643.000000 0.087060
644.000000 0.003463
645.000000 0.013122
646.000000 0.030111
647.000000 0.022401
648.000000 0.018979
649.000000 0.023355
650.000000 0.006510
651.000000 0.009581
652.000000 0.024123
653.000000 0.012000
654.000000 0.014982
655.000000 0.019707
656.000000 0.007271
657.000000 0.005016
658.000000 0.009342
659.000000 0.002829
660.000000 0.006919
661.000000 0.006262
662.000000 0.009424
663.000000 0.001123
664.000000 0.009908
665.000000 0.004057
666.000000 0.004943
667.000000 0.016684
668.000000 0.017717
669.000000 0.001631
670.000000 0.005400
671.000000 0.002424
672.000000 0.000035
673.000000 0.003153
674.000000 0.013410
675.000000 0.002459
676.000000 0.006255
677.000000 0.002186
678.000000 0.005510
679.000000 0.006170
680.000000 0.009213
681.000000 0.000009
682.000000 0.002420
683.000000 0.002459
684.000000 0.007538
685.000000 0.002807
686.000000 0.010822
687.000000 0.004220
688.000000 0.010331
689.000000 0.004256
690.000000 0.002213
691.000000 0.003885
692.000000 0.008688
693.000000 0.003395
694.000000 0.014102
695.000000 0.019045
696.000000 0.011098
697.000000 0.015233
698.000000 0.009138
699.000000 0.025896
700.000000 0.011964
701.000000 0.029641
702.000000 0.004162
703.000000 0.016273
704.000000 0.022052
705.000000 0.000005
706.000000 0.036333
707.000000 0.018716
708.000000 0.003714
709.000000 0.015242
710.000000 0.013678
711.000000 0.014019
712.000000 0.005847
713.000000 0.002495
714.000000 0.002253
715.000000 0.003748
716.000000 0.003875
717.000000 0.007499
718.000000 0.001396
719.000000 0.006805
720.000000 0.003022
721.000000 0.003198
722.000000 0.002376
723.000000 0.001681
724.000000 0.010217
725.000000 0.008716
726.000000 0.003851
727.000000 0.013715
728.000000 0.013449
729.000000 0.006092
730.000000 0.024419
731.000000 0.029543
732.000000 0.024595
733.000000 0.025520
734.000000 0.002283
735.000000 0.011754
736.000000 0.002393
737.000000 0.000062
738.000000 0.007539
739.000000 0.002260
740.000000 0.002059
741.000000 0.004657
742.000000 0.006437
743.000000 0.005402
744.000000 0.003207
745.000000 0.000047
746.000000 0.001003
747.000000 0.000200
748.000000 0.005710
749.000000 0.009968
750.000000 0.004089
751.000000 0.007976
752.000000 0.009447
753.000000 0.012408
754.000000 0.008914
755.000000 0.005810
756.000000 0.000147
757.000000 0.026370
758.000000 0.016458
759.000000 0.024979
760.000000 0.012133
761.000000 0.011322
762.000000 0.010527
763.000000 0.013503
764.000000 0.001532
765.000000 0.000852
766.000000 0.004330
767.000000 0.000000
768.000000 0.000004
769.000000 0.000053
770.000000 0.000028
771.000000 0.034449
772.000000 0.010117
773.000000 0.023479
774.000000 0.008772
775.000000 0.048794
776.000000 0.036333
777.000000 0.001821
778.000000 0.001807
779.000000 0.000014
780.000000 0.000131
781.000000 0.010322
782.000000 0.010282
783.000000 0.004230
784.000000 0.002971
785.000000 0.022569
786.000000 0.017320
787.000000 0.031372
788.000000 0.005579
789.000000 0.000005
790.000000 0.000004
791.000000 0.002788
792.000000 0.002764
793.000000 0.002561
794.000000 0.010715
795.000000 0.005557
796.000000 0.004954
797.000000 0.005297
798.000000 0.001715
799.000000 0.001459
800.000000 0.004545
801.000000 0.003561
802.000000 0.003721
803.000000 0.001284
804.000000 0.001284
805.000000 0.002496
806.000000 0.001256
807.000000 0.002999
808.000000 0.003652
809.000000 0.006298
810.000000 0.003653
811.000000 0.003635
812.000000 0.002474
813.000000 0.008000
814.000000 0.002170
815.000000 0.006718
816.000000 0.003053
817.000000 0.007691
818.000000 0.005393
819.000000 0.000007
820.000000 0.002379
821.000000 0.003941
822.000000 0.011709
823.000000 0.003981
824.000000 0.000710
825.000000 0.012664
826.000000 0.006504
827.000000 0.018170
828.000000 0.001460
829.000000 0.005665
830.000000 0.000014
831.000000 0.000014
832.000000 0.000004
833.000000 0.000018
834.000000 0.000006
835.000000 0.011752
836.000000 0.002441
837.000000 0.011729
838.000000 0.012387
839.000000 0.002452
840.000000 0.000007
841.000000 0.002453
842.000000 0.002447
843.000000 0.002518
844.000000 0.002440
845.000000 0.004937
846.000000 0.003347
847.000000 0.002122
848.000000 0.002863
849.000000 0.003893
850.000000 0.005613
851.000000 0.000009
852.000000 0.000012
853.000000 0.000007
854.000000 0.000008
855.000000 0.000017
856.000000 0.002421
857.000000 0.007291
858.000000 0.001685
859.000000 0.000615
860.000000 0.002096
861.000000 0.002860
862.000000 0.004530
863.000000 0.003036
864.000000 0.007627
865.000000 0.005156
866.000000 0.007362
867.000000 0.007315
868.000000 0.002644
869.000000 0.002623
870.000000 0.004005
871.000000 0.013311
872.000000 0.000008
873.000000 0.002391
874.000000 0.006525
875.000000 0.002490
876.000000 0.001293
877.000000 0.009504
878.000000 0.024804
879.000000 0.003150
880.000000 0.003095
881.000000 0.009261
882.000000 0.003970
883.000000 0.006605
884.000000 0.003799
885.000000 0.047948
886.000000 0.009439
887.000000 0.009608
888.000000 0.000961
889.000000 0.020229
890.000000 0.025668
891.000000 0.012853
892.000000 0.050115
893.000000 0.012526
894.000000 0.003663
895.000000 0.004606
896.000000 0.001959
897.000000 0.000010
898.000000 0.000010
899.000000 0.000010
900.000000 0.000008
901.000000 0.000008
902.000000 0.009518
903.000000 0.000012
904.000000 0.000027
905.000000 0.000006
906.000000 0.000006
907.000000 0.000032
908.000000 0.000011
909.000000 0.000010
910.000000 0.000010
911.000000 0.004069
912.000000 0.000834
913.000000 0.000016
914.000000 0.000008
915.000000 0.000802
916.000000 0.000008
917.000000 0.000004
918.000000 0.000004
919.000000 0.000004
920.000000 0.000011
921.000000 0.002458
922.000000 0.001785
923.000000 0.003920
924.000000 0.002484
925.000000 0.000006
926.000000 0.000006
927.000000 0.000006
928.000000 0.000002
929.000000 0.001158
930.000000 0.003895
931.000000 0.001129
932.000000 0.001118
933.000000 0.000031
934.000000 0.002459
935.000000 0.000006
936.000000 0.000019
937.000000 0.000018
938.000000 0.000017
939.000000 0.000014
940.000000 0.000008
941.000000 0.000008
942.000000 0.000016
943.000000 0.000004
944.000000 0.000454
945.000000 0.000009
946.000000 0.000001
947.000000 0.000005
948.000000 0.001965
949.000000 0.000476
950.000000 0.000470
951.000000 0.000464
952.000000 0.009713
953.000000 0.002559
954.000000 0.000516
955.000000 0.002455
956.000000 0.000001
957.000000 0.001942
958.000000 0.000413
959.000000 0.000407
960.000000 0.000063
961.000000 0.000704
962.000000 0.001112
963.000000 0.001093
964.000000 0.001075
965.000000 0.001056
966.000000 0.001038
967.000000 0.001019
968.000000 0.001001
969.000000 0.003695
970.000000 0.003863
971.000000 0.001477
972.000000 0.001448
973.000000 0.001419
974.000000 0.000106
975.000000 0.000104
976.000000 0.007872
977.000000 0.001081
978.000000 0.005269
979.000000 0.000516
980.000000 0.000504
981.000000 0.000492
982.000000 0.000480
983.000000 0.000468
984.000000 0.000456
985.000000 0.000444
986.000000 0.003812
987.000000 0.000026
988.000000 0.002446
989.000000 0.000001
990.000000 0.000009
991.000000 0.000001
992.000000 0.002271
993.000000 0.002199
994.000000 0.002127
995.000000 0.002055
996.000000 0.001983
997.000000 0.011835
998.000000 0.000919
999.000000 0.000883
1000.000000 0.000847
1001.000000 0.000811
1002.000000 0.000775
1003.000000 0.000739
1004.000000 0.000703
1005.000000 0.000667
1006.000000 0.006874
1007.000000 0.000236
1008.000000 0.000001
1009.000000 0.000001
1010.000000 0.000001
1011.000000 0.000001
1012.000000 0.000001
1013.000000 0.000001
1014.000000 0.000001
1015.000000 0.000001
1016.000000 0.000069
1017.000000 0.000063
1018.000000 0.000057
1019.000000 0.000051
1020.000000 0.000040
1021.000000 0.000013
1022.000000 0.000000
1023.000000 0.164525
1024.000000 0.188034
1025.000000 0.094020
1026.000000 0.045602
1027.000000 0.023249
1028.000000 0.170967
1029.000000 0.160633
1030.000000 0.076210
1031.000000 0.088438
1032.000000 0.002455
1033.000000 0.000048
1034.000000 0.000062
1035.000000 0.044575
1036.000000 0.039248
1037.000000 0.038720
1038.000000 0.042468
1039.000000 0.045442
1040.000000 0.041800
1041.000000 0.044931
1042.000000 0.018765
1043.000000 0.021194
1044.000000 0.007847
1045.000000 0.019451
1046.000000 0.019473
1047.000000 0.010070
1048.000000 0.012696
1049.000000 0.014271
1050.000000 0.013352
1051.000000 0.006580
1052.000000 0.015632
1053.000000 0.013176
1054.000000 0.011767
1055.000000 0.009555
1056.000000 0.009143
1057.000000 0.002172
1058.000000 0.002158
1059.000000 0.003764
1060.000000 0.003795
1061.000000 0.001503
1062.000000 0.002086
1063.000000 0.008250
1064.000000 0.001624
1065.000000 0.005459
1066.000000 0.002199
1067.000000 0.005722
1068.000000 0.006621
1069.000000 0.007956
1070.000000 0.007377
1071.000000 0.002296
1072.000000 0.003648
1073.000000 0.003621
1074.000000 0.003898
1075.000000 0.003898
1076.000000 0.003474
1077.000000 0.008631
1078.000000 0.007384
1079.000000 0.002175
1080.000000 0.009112
1081.000000 0.018806
1082.000000 0.013101
1083.000000 0.004660
1084.000000 0.002353
1085.000000 0.002345
1086.000000 0.000034
1087.000000 0.000067
1088.000000 0.000049
1089.000000 0.011715
1090.000000 0.002414
1091.000000 0.000053
1092.000000 0.002371
1093.000000 0.013059
1094.000000 0.011677
1095.000000 0.000032
1096.000000 0.000033
1097.000000 0.000033
1098.000000 0.002408
1099.000000 0.004938
1100.000000 0.002480
1101.000000 0.004757
1102.000000 0.003882
1103.000000 0.004761
1104.000000 0.005460
1105.000000 0.006748
1106.000000 0.003900
1107.000000 0.000036
1108.000000 0.000052
1109.000000 0.000050
1110.000000 0.002466
1111.000000 0.002456
1112.000000 0.006135
1113.000000 0.005403
1114.000000 0.007425
1115.000000 0.006189
1116.000000 0.001573
1117.000000 0.002535
1118.000000 0.005841
1119.000000 0.010679
1120.000000 0.004140
1121.000000 0.003387
1122.000000 0.001674
1123.000000 0.008589
1124.000000 0.000515
1125.000000 0.003679
1126.000000 0.004434
1127.000000 0.006044
1128.000000 0.008678
1129.000000 0.008263
1130.000000 0.008384
1131.000000 0.012355
1132.000000 0.012354
1133.000000 0.021778
1134.000000 0.017613
1135.000000 0.004474
1136.000000 0.010748
1137.000000 0.022790
1138.000000 0.020130
1139.000000 0.020112
1140.000000 0.041593
1141.000000 0.033964
1142.000000 0.032153
1143.000000 0.044872
1144.000000 0.046673
1145.000000 0.034915
1146.000000 0.074361
1147.000000 0.048537
1148.000000 0.053376
1149.000000 0.030829
1150.000000 0.023759
1151.000000 0.021525
1152.000000 0.023430
1153.000000 0.011680
1154.000000 0.002419
1155.000000 0.000030
1156.000000 0.023530
1157.000000 0.023480
1158.000000 0.012869
1159.000000 0.011759
1160.000000 0.004873
1161.000000 0.002450
1162.000000 0.006295
1163.000000 0.003155
1164.000000 0.006402
1165.000000 0.003927
1166.000000 0.005731
1167.000000 0.008469
1168.000000 0.008469
1169.000000 0.009631
1170.000000 0.007697
1171.000000 0.007742
1172.000000 0.002496
1173.000000 0.000029
1174.000000 0.005462
1175.000000 0.000413
1176.000000 0.001767
1177.000000 0.004500
1178.000000 0.002299
1179.000000 0.003504
1180.000000 0.002151
1181.000000 0.003231
1182.000000 0.004844
1183.000000 0.001538
1184.000000 0.000902
1185.000000 0.000757
1186.000000 0.000941
1187.000000 0.001702
1188.000000 0.003093
1189.000000 0.001475
1190.000000 0.003787
1191.000000 0.003292
1192.000000 0.007386
1193.000000 0.007388
1194.000000 0.008131
1195.000000 0.006398
1196.000000 0.005379
1197.000000 0.006128
1198.000000 0.002722
1199.000000 0.005143
1200.000000 0.005762
1201.000000 0.002590
1202.000000 0.002590
1203.000000 0.008469
1204.000000 0.008356
1205.000000 0.011826
1206.000000 0.026144
1207.000000 0.026151
1208.000000 0.018581
1209.000000 0.020250
1210.000000 0.012674
1211.000000 0.013940
1212.000000 0.001571
1213.000000 0.002438
1214.000000 0.004292
1215.000000 0.002459
1216.000000 0.000024
1217.000000 0.011753
1218.000000 0.000019
1219.000000 0.000002
1220.000000 0.000002
1221.000000 0.002438
1222.000000 0.012568
1223.000000 0.011745
1224.000000 0.002438
1225.000000 0.002444
1226.000000 0.001507
1227.000000 0.000032
1228.000000 0.006320
1229.000000 0.003889
1230.000000 0.005277
1231.000000 0.005278
1232.000000 0.006444
1233.000000 0.003364
1234.000000 0.003905
1235.000000 0.000035
1236.000000 0.002448
1237.000000 0.000012
1238.000000 0.003656
1239.000000 0.001231
1240.000000 0.001250
1241.000000 0.007974
1242.000000 0.008276
1243.000000 0.008277
1244.000000 0.006060
1245.000000 0.001992
1246.000000 0.004367
1247.000000 0.003427
1248.000000 0.007081
1249.000000 0.006498
1250.000000 0.004451
1251.000000 0.008353
1252.000000 0.007556
1253.000000 0.007368
1254.000000 0.006842
1255.000000 0.011412
1256.000000 0.008165
1257.000000 0.010168
1258.000000 0.010043
1259.000000 0.013361
1260.000000 0.013988
1261.000000 0.010301
1262.000000 0.009020
1263.000000 0.010835
1264.000000 0.010802
1265.000000 0.013193
1266.000000 0.010126
1267.000000 0.013821
1268.000000 0.013786
1269.000000 0.009413
1270.000000 0.007032
1271.000000 0.011654
1272.000000 0.013394
1273.000000 0.013368
1274.000000 0.013342
1275.000000 0.001260
1276.000000 0.001558
1277.000000 0.000741
1278.000000 0.000005
1279.000000 0.000067
1280.000000 0.000029
1281.000000 0.023515
1282.000000 0.011762
1283.000000 0.044877
1284.000000 0.016541
1285.000000 0.024354
1286.000000 0.051263
1287.000000 0.046413
1288.000000 0.002432
1289.000000 0.001194
1290.000000 0.000129
1291.000000 0.013089
1292.000000 0.014981
1293.000000 0.020928
1294.000000 0.020928
1295.000000 0.017767
1296.000000 0.015529
1297.000000 0.021531
1298.000000 0.021112
1299.000000 0.007831
1300.000000 0.007830
1301.000000 0.003917
1302.000000 0.001968
1303.000000 0.008113
1304.000000 0.008120
1305.000000 0.016032
1306.000000 0.011042
1307.000000 0.011078
1308.000000 0.006863
1309.000000 0.010422
1310.000000 0.010980
1311.000000 0.009205
1312.000000 0.009195
1313.000000 0.001964
1314.000000 0.004728
1315.000000 0.004740
1316.000000 0.002890
1317.000000 0.008650
1318.000000 0.004363
1319.000000 0.003156
1320.000000 0.006446
1321.000000 0.001311
1322.000000 0.003859
1323.000000 0.002472
1324.000000 0.007213
1325.000000 0.006962
1326.000000 0.001064
1327.000000 0.001085
1328.000000 0.002208
1329.000000 0.007700
1330.000000 0.003896
1331.000000 0.003896
1332.000000 0.009786
1333.000000 0.012316
1334.000000 0.005439
1335.000000 0.016280
1336.000000 0.017092
1337.000000 0.017064
1338.000000 0.008874
1339.000000 0.007570
1340.000000 0.005399
1341.000000 0.000008
1342.000000 0.000021
1343.000000 0.002444
1344.000000 0.000034
1345.000000 0.000007
1346.000000 0.011749
1347.000000 0.011761
1348.000000 0.011761
1349.000000 0.002450
1350.000000 0.002452
1351.000000 0.000014
1352.000000 0.002431
1353.000000 0.004659
1354.000000 0.000042
1355.000000 0.002165
1356.000000 0.004481
1357.000000 0.002555
1358.000000 0.002555
1359.000000 0.003843
1360.000000 0.004726
1361.000000 0.005073
1362.000000 0.000012
1363.000000 0.000009
1364.000000 0.002421
1365.000000 0.000002
1366.000000 0.000028
1367.000000 0.002482
1368.000000 0.004534
1369.000000 0.006959
1370.000000 0.003412
1371.000000 0.004967
1372.000000 0.003755
1373.000000 0.007648
1374.000000 0.006772
1375.000000 0.008366
1376.000000 0.010544
1377.000000 0.001957
1378.000000 0.004374
1379.000000 0.004374
1380.000000 0.001029
1381.000000 0.001228
1382.000000 0.002524
1383.000000 0.002575
1384.000000 0.006648
1385.000000 0.004671
1386.000000 0.003989
1387.000000 0.001535
1388.000000 0.008110
1389.000000 0.018341
1390.000000 0.018335
1391.000000 0.000803
1392.000000 0.010946
1393.000000 0.009721
1394.000000 0.016210
1395.000000 0.015340
1396.000000 0.017054
1397.000000 0.024852
1398.000000 0.006998
1399.000000 0.028265
1400.000000 0.011418
1401.000000 0.005890
1402.000000 0.028728
1403.000000 0.035372
1404.000000 0.004583
1405.000000 0.008264
1406.000000 0.009328
1407.000000 0.011738
1408.000000 0.002490
1409.000000 0.023498
1410.000000 0.000005
1411.000000 0.000005
1412.000000 0.000005
1413.000000 0.036330
1414.000000 0.023360
1415.000000 0.013199
1416.000000 0.003939
1417.000000 0.003937
1418.000000 0.003958
1419.000000 0.011649
1420.000000 0.009059
1421.000000 0.006055
1422.000000 0.013290
1423.000000 0.005520
1424.000000 0.002203
1425.000000 0.004494
1426.000000 0.002485
1427.000000 0.000025
1428.000000 0.002456
1429.000000 0.002450
1430.000000 0.003940
1431.000000 0.000973
1432.000000 0.000973
1433.000000 0.002959
1434.000000 0.009110
1435.000000 0.006368
1436.000000 0.006349
1437.000000 0.004989
1438.000000 0.006366
1439.000000 0.000463
1440.000000 0.001079
1441.000000 0.003535
1442.000000 0.002651
1443.000000 0.001651
1444.000000 0.000913
1445.000000 0.003083
1446.000000 0.001029
1447.000000 0.001764
1448.000000 0.005128
1449.000000 0.005985
1450.000000 0.005126
1451.000000 0.006416
1452.000000 0.004390
1453.000000 0.004391
1454.000000 0.005533
1455.000000 0.008768
1456.000000 0.007317
1457.000000 0.009923
1458.000000 0.003912
1459.000000 0.006565
1460.000000 0.002900
1461.000000 0.023994
1462.000000 0.024195
1463.000000 0.021394
1464.000000 0.030067
1465.000000 0.023046
1466.000000 0.023032
1467.000000 0.003916
1468.000000 0.002004
1469.000000 0.001278
1470.000000 0.000006
1471.000000 0.011748
1472.000000 0.002446
1473.000000 0.000067
1474.000000 0.000059
1475.000000 0.000029
1476.000000 0.011787
1477.000000 0.011289
1478.000000 0.000276
1479.000000 0.002463
1480.000000 0.002442
1481.000000 0.002454
1482.000000 0.006397
1483.000000 0.003940
1484.000000 0.002521
1485.000000 0.005890
1486.000000 0.002521
1487.000000 0.003875
1488.000000 0.003818
1489.000000 0.003853
1490.000000 0.000066
1491.000000 0.000026
1492.000000 0.002431
1493.000000 0.002427
1494.000000 0.000232
1495.000000 0.000215
1496.000000 0.000215
1497.000000 0.005504
1498.000000 0.007214
1499.000000 0.002837
1500.000000 0.007220
1501.000000 0.006854
1502.000000 0.001539
1503.000000 0.007827
1504.000000 0.007823
1505.000000 0.003954
1506.000000 0.000563
1507.000000 0.011976
1508.000000 0.011976
1509.000000 0.005619
1510.000000 0.005619
1511.000000 0.004586
1512.000000 0.000185
1513.000000 0.000185
1514.000000 0.003694
1515.000000 0.023437
1516.000000 0.023458
1517.000000 0.023780
1518.000000 0.024083
1519.000000 0.000906
1520.000000 0.000906
1521.000000 0.011795
1522.000000 0.011795
1523.000000 0.000473
1524.000000 0.013484
1525.000000 0.013493
1526.000000 0.013503
1527.000000 0.000001
1528.000000 0.001948
1529.000000 0.001948
1530.000000 0.001873
1531.000000 0.002413
1532.000000 0.004330
1533.000000 0.000000
1534.000000 0.000000
1535.000000 0.000000
1536.000000 0.000006
1537.000000 0.000006
1538.000000 0.000069
1539.000000 0.000069
1540.000000 0.000037
1541.000000 0.000037
1542.000000 0.046979
1543.000000 0.023475
1544.000000 0.011722
1545.000000 0.002420
1546.000000 0.000042
1547.000000 0.023467
1548.000000 0.011700
1549.000000 0.011700
1550.000000 0.002379
1551.000000 0.047871
1552.000000 0.047015
1553.000000 0.023509
1554.000000 0.002474
1555.000000 0.002473
1556.000000 0.002465
1557.000000 0.002465
1558.000000 0.000017
1559.000000 0.000012
1560.000000 0.000022
1561.000000 0.000117
1562.000000 0.014061
1563.000000 0.014061
1564.000000 0.014061
1565.000000 0.014061
1566.000000 0.005812
1567.000000 0.005834
1568.000000 0.004095
1569.000000 0.004095
1570.000000 0.007457
1571.000000 0.016132
1572.000000 0.016156
1573.000000 0.018088
1574.000000 0.017479
1575.000000 0.015649
1576.000000 0.007821
1577.000000 0.007819
1578.000000 0.000007
1579.000000 0.000007
1580.000000 0.000005
1581.000000 0.000005
1582.000000 0.003925
1583.000000 0.003910
1584.000000 0.003909
1585.000000 0.003909
1586.000000 0.003642
1587.000000 0.003626
1588.000000 0.002287
1589.000000 0.012277
1590.000000 0.012252
1591.000000 0.007167
1592.000000 0.007171
1593.000000 0.007174
1594.000000 0.005846
1595.000000 0.010225
1596.000000 0.002487
1597.000000 0.002488
1598.000000 0.007863
1599.000000 0.007863
1600.000000 0.006672
1601.000000 0.006661
1602.000000 0.001961
1603.000000 0.003835
1604.000000 0.003850
1605.000000 0.001955
1606.000000 0.001960
1607.000000 0.001973
1608.000000 0.001970
1609.000000 0.001970
1610.000000 0.003876
1611.000000 0.001944
1612.000000 0.001944
1613.000000 0.001943
1614.000000 0.001555
1615.000000 0.002467
1616.000000 0.001993
1617.000000 0.002510
1618.000000 0.000594
1619.000000 0.005724
1620.000000 0.005723
1621.000000 0.005732
1622.000000 0.005730
1623.000000 0.005727
1624.000000 0.003904
1625.000000 0.003900
1626.000000 0.003900
1627.000000 0.006156
1628.000000 0.001713
1629.000000 0.003851
1630.000000 0.003883
1631.000000 0.004786
1632.000000 0.004875
1633.000000 0.004886
1634.000000 0.004889
1635.000000 0.004536
1636.000000 0.010311
1637.000000 0.006592
1638.000000 0.000011
1639.000000 0.000011
1640.000000 0.003901
1641.000000 0.003901
1642.000000 0.003901
1643.000000 0.000045
1644.000000 0.000053
1645.000000 0.011761
1646.000000 0.002889
1647.000000 0.003110
1648.000000 0.003098
1649.000000 0.002902
1650.000000 0.002899
1651.000000 0.009769
1652.000000 0.010868
1653.000000 0.010853
1654.000000 0.017513
1655.000000 0.010817
1656.000000 0.004587
1657.000000 0.005672
1658.000000 0.005691
1659.000000 0.000039
1660.000000 0.000024
1661.000000 0.000024
1662.000000 0.000024
1663.000000 0.000024
1664.000000 0.000007
1665.000000 0.000008
1666.000000 0.000014
1667.000000 0.000010
1668.000000 0.000010
1669.000000 0.000010
1670.000000 0.000010
1671.000000 0.011743
1672.000000 0.002441
1673.000000 0.000008
1674.000000 0.000008
1675.000000 0.011737
1676.000000 0.011737
1677.000000 0.002446
1678.000000 0.002445
1679.000000 0.000008
1680.000000 0.000013
1681.000000 0.000013
1682.000000 0.000013
1683.000000 0.002446
1684.000000 0.002429
1685.000000 0.000019
1686.000000 0.000012
1687.000000 0.002509
1688.000000 0.000034
1689.000000 0.002442
1690.000000 0.002441
1691.000000 0.003909
1692.000000 0.003909
1693.000000 0.002535
1694.000000 0.003913
1695.000000 0.003913
1696.000000 0.003913
1697.000000 0.001950
1698.000000 0.003828
1699.000000 0.000065
1700.000000 0.003856
1701.000000 0.002435
1702.000000 0.000025
1703.000000 0.000025
1704.000000 0.000023
1705.000000 0.000023
1706.000000 0.000023
1707.000000 0.000018
1708.000000 0.000009
1709.000000 0.000016
1710.000000 0.000033
1711.000000 0.000018
1712.000000 0.000037
1713.000000 0.002431
1714.000000 0.002430
1715.000000 0.005082
1716.000000 0.003416
1717.000000 0.003393
1718.000000 0.001256
1719.000000 0.001227
1720.000000 0.004193
1721.000000 0.004183
1722.000000 0.005831
1723.000000 0.005824
1724.000000 0.009323
1725.000000 0.009326
1726.000000 0.011018
1727.000000 0.010561
1728.000000 0.010597
1729.000000 0.003681
1730.000000 0.004122
1731.000000 0.006607
1732.000000 0.015678
1733.000000 0.015678
1734.000000 0.015678
1735.000000 0.015678
1736.000000 0.005695
1737.000000 0.005695
1738.000000 0.005695
1739.000000 0.005694
1740.000000 0.012294
1741.000000 0.008317
1742.000000 0.013301
1743.000000 0.000020
1744.000000 0.000020
1745.000000 0.000017
1746.000000 0.000017
1747.000000 0.002403
1748.000000 0.009345
1749.000000 0.015789
1750.000000 0.000449
1751.000000 0.002901
1752.000000 0.002899
1753.000000 0.002899
1754.000000 0.002899
1755.000000 0.007397
1756.000000 0.020927
1757.000000 0.019234
1758.000000 0.007173
1759.000000 0.007162
1760.000000 0.007162
1761.000000 0.007162
1762.000000 0.007162
1763.000000 0.002663
1764.000000 0.011762
1765.000000 0.009246
1766.000000 0.009246
1767.000000 0.005725
1768.000000 0.009054
1769.000000 0.009076
1770.000000 0.009098
1771.000000 0.039026
1772.000000 0.020691
1773.000000 0.023141
1774.000000 0.023142
1775.000000 0.023142
1776.000000 0.002341
1777.000000 0.002338
1778.000000 0.057876
1779.000000 0.060368
1780.000000 0.035419
1781.000000 0.035103
1782.000000 0.035119
1783.000000 0.036768
1784.000000 0.036792
1785.000000 0.028647
1786.000000 0.028675
1787.000000 0.033535
1788.000000 0.009314
1789.000000 0.009314
1790.000000 0.011766
1791.000000 0.011751
1792.000000 0.001949
1793.000000 0.000026
1794.000000 0.000026
1795.000000 0.000026
1796.000000 0.000026
1797.000000 0.000026
1798.000000 0.000026
1799.000000 0.000026
1800.000000 0.000021
1801.000000 0.000021
1802.000000 0.000021
1803.000000 0.000021
1804.000000 0.011734
1805.000000 0.002432
1806.000000 0.000016
1807.000000 0.000009
1808.000000 0.000009
1809.000000 0.000018
1810.000000 0.000018
1811.000000 0.000018
1812.000000 0.000018
1813.000000 0.000018
1814.000000 0.000018
1815.000000 0.000030
1816.000000 0.000030
1817.000000 0.000030
1818.000000 0.000030
1819.000000 0.000030
1820.000000 0.000030
1821.000000 0.000030
1822.000000 0.011745
1823.000000 0.011746
1824.000000 0.002445
1825.000000 0.002460
1826.000000 0.000020
1827.000000 0.000024
1828.000000 0.000024
1829.000000 0.000024
1830.000000 0.002439
1831.000000 0.002439
1832.000000 0.000016
1833.000000 0.000013
1834.000000 0.000013
1835.000000 0.000013
1836.000000 0.000013
1837.000000 0.000013
1838.000000 0.000013
1839.000000 0.000013
1840.000000 0.000017
1841.000000 0.000023
1842.000000 0.000023
1843.000000 0.002463
1844.000000 0.002463
1845.000000 0.003920
1846.000000 0.003920
1847.000000 0.002550
1848.000000 0.002526
1849.000000 0.000050
1850.000000 0.000020
1851.000000 0.000020
1852.000000 0.000020
1853.000000 0.000020
1854.000000 0.000020
1855.000000 0.000021
1856.000000 0.000021
1857.000000 0.000022
1858.000000 0.003903
1859.000000 0.003903
1860.000000 0.000010
1861.000000 0.003888
1862.000000 0.003888
1863.000000 0.003888
1864.000000 0.003889
1865.000000 0.003889
1866.000000 0.000078
1867.000000 0.000054
1868.000000 0.000031
1869.000000 0.002453
1870.000000 0.000014
1871.000000 0.000017
1872.000000 0.000017
1873.000000 0.000018
1874.000000 0.000019
1875.000000 0.000001
1876.000000 0.000001
1877.000000 0.000017
1878.000000 0.000017
1879.000000 0.000031
1880.000000 0.000031
1881.000000 0.000031
1882.000000 0.000031
1883.000000 0.000031
1884.000000 0.000031
1885.000000 0.000016
1886.000000 0.000016
1887.000000 0.000016
1888.000000 0.002426
1889.000000 0.002417
1890.000000 0.000006
1891.000000 0.000003
1892.000000 0.000003
1893.000000 0.000003
1894.000000 0.000020
1895.000000 0.000020
1896.000000 0.000020
1897.000000 0.001983
1898.000000 0.001983
1899.000000 0.001983
1900.000000 0.001983
1901.000000 0.001983
1902.000000 0.001983
1903.000000 0.001983
1904.000000 0.004875
1905.000000 0.004902
1906.000000 0.004901
1907.000000 0.002451
1908.000000 0.002451
1909.000000 0.002450
1910.000000 0.002450
1911.000000 0.000009
1912.000000 0.000006
1913.000000 0.000006
1914.000000 0.000006
1915.000000 0.001938
1916.000000 0.001938
1917.000000 0.001938
1918.000000 0.001938
1919.000000 0.001938
1920.000000 0.000335
1921.000000 0.000335
1922.000000 0.003770
1923.000000 0.003770
1924.000000 0.006048
1925.000000 0.006048
1926.000000 0.006048
1927.000000 0.006049
1928.000000 0.006049
1929.000000 0.006049
1930.000000 0.006049
1931.000000 0.006049
1932.000000 0.006049
1933.000000 0.006049
1934.000000 0.006049
1935.000000 0.006049
1936.000000 0.006049
1937.000000 0.006049
1938.000000 0.006049
1939.000000 0.008683
1940.000000 0.008712
1941.000000 0.009437
1942.000000 0.009451
1943.000000 0.009451
1944.000000 0.009451
1945.000000 0.009451
1946.000000 0.009451
1947.000000 0.009451
1948.000000 0.000719
1949.000000 0.000719
1950.000000 0.000719
1951.000000 0.000719
1952.000000 0.000719
1953.000000 0.007840
1954.000000 0.007840
1955.000000 0.007840
1956.000000 0.007840
1957.000000 0.003918
1958.000000 0.003918
1959.000000 0.003918
1960.000000 0.003918
1961.000000 0.003918
1962.000000 0.003918
1963.000000 0.003918
1964.000000 0.003918
1965.000000 0.003917
1966.000000 0.003917
1967.000000 0.003917
1968.000000 0.003917
1969.000000 0.003917
1970.000000 0.003917
1971.000000 0.003917
1972.000000 0.003916
1973.000000 0.000106
1974.000000 0.000082
1975.000000 0.000058
1976.000000 0.002457
1977.000000 0.000016
1978.000000 0.000013
1979.000000 0.000013
1980.000000 0.000004
1981.000000 0.000006
1982.000000 0.000006
1983.000000 0.000006
1984.000000 0.023508
1985.000000 0.023508
1986.000000 0.023508
1987.000000 0.023508
1988.000000 0.023508
1989.000000 0.023508
1990.000000 0.023508
1991.000000 0.023508
1992.000000 0.023508
1993.000000 0.023508
1994.000000 0.023508
1995.000000 0.011751
1996.000000 0.011751
1997.000000 0.011751
1998.000000 0.011751
1999.000000 0.011751
2000.000000 0.011751
2001.000000 0.011751
2002.000000 0.011751
2003.000000 0.011751
2004.000000 0.011751
2005.000000 0.011751
2006.000000 0.011751
2007.000000 0.011751
2008.000000 0.011751
2009.000000 0.011751
2010.000000 0.011751
2011.000000 0.011751
2012.000000 0.011751
2013.000000 0.004903
2014.000000 0.004902
2015.000000 0.004900
2016.000000 0.000021
2017.000000 0.000021
2018.000000 0.000021
2019.000000 0.000020
2020.000000 0.000020
2021.000000 0.000020
2022.000000 0.000020
2023.000000 0.000020
2024.000000 0.000020
2025.000000 0.000020
2026.000000 0.000020
2027.000000 0.000020
2028.000000 0.000020
2029.000000 0.000020
2030.000000 0.000020
2031.000000 0.000020
2032.000000 0.001957
2033.000000 0.001957
2034.000000 0.001957
2035.000000 0.001956
2036.000000 0.001956
2037.000000 0.001956
2038.000000 0.001956
2039.000000 0.001956
2040.000000 0.002448
2041.000000 0.002448
2042.000000 0.000006
2043.000000 0.000005
2044.000000 0.329048
2045.000000 0.105798
2046.000000 0.091601
2047.000000 0.258351
2048.000000 0.023660
2049.000000 0.028927
2050.000000 0.086199
2051.000000 0.025827
2052.000000 0.023065
2053.000000 0.097670
2054.000000 0.000452
2055.000000 0.011755
2056.000000 0.037945
2057.000000 0.040318
2058.000000 0.002364
2059.000000 0.043681
2060.000000 0.000485
2061.000000 0.000153
2062.000000 0.003081
2063.000000 0.004014
2064.000000 0.002105
2065.000000 0.004287
2066.000000 0.000700
2067.000000 0.003632
2068.000000 0.011556
2069.000000 0.003234
2070.000000 0.015612
2071.000000 0.025840
2072.000000 0.009201
2073.000000 0.015682
2074.000000 0.019757
2075.000000 0.000046
2076.000000 0.000037
2077.000000 0.011755
2078.000000 0.002597
2079.000000 0.000238
2080.000000 0.000101
2081.000000 0.002483
2082.000000 0.002425
2083.000000 0.003950
2084.000000 0.003513
2085.000000 0.002955
2086.000000 0.000072
2087.000000 0.000023
2088.000000 0.000661
2089.000000 0.004191
2090.000000 0.000257
2091.000000 0.011538
2092.000000 0.013413
2093.000000 0.009883
2094.000000 0.009009
2095.000000 0.023749
2096.000000 0.001329
2097.000000 0.017195
2098.000000 0.036689
2099.000000 0.025046
2100.000000 0.004989
2101.000000 0.046099
2102.000000 0.004445
2103.000000 0.022771
2104.000000 0.037084
2105.000000 0.024174
2106.000000 0.018894
2107.000000 0.036534
2108.000000 0.011655
2109.000000 0.000055
2110.000000 0.011589
2111.000000 0.020467
2112.000000 0.004687
2113.000000 0.002621
2114.000000 0.002799
2115.000000 0.001620
2116.000000 0.026173
2117.000000 0.011147
2118.000000 0.002459
2119.000000 0.005905
2120.000000 0.001732
2121.000000 0.010785
2122.000000 0.008514
2123.000000 0.003869
2124.000000 0.001523
2125.000000 0.001372
2126.000000 0.001531
2127.000000 0.003511
2128.000000 0.003583
2129.000000 0.003815
2130.000000 0.002035
2131.000000 0.012899
2132.000000 0.005330
2133.000000 0.006378
2134.000000 0.014756
2135.000000 0.007778
2136.000000 0.020335
2137.000000 0.029056
2138.000000 0.001103
2139.000000 0.001994
2140.000000 0.009315
2141.000000 0.000012
2142.000000 0.011746
2143.000000 0.011259
2144.000000 0.004882
2145.000000 0.002902
2146.000000 0.005876
2147.000000 0.005676
2148.000000 0.001206
2149.000000 0.003482
2150.000000 0.006277
2151.000000 0.003034
2152.000000 0.003001
2153.000000 0.007457
2154.000000 0.006397
2155.000000 0.012904
2156.000000 0.007413
2157.000000 0.005686
2158.000000 0.015697
2159.000000 0.001814
2160.000000 0.013601
2161.000000 0.004356
2162.000000 0.006483
2163.000000 0.010360
2164.000000 0.003217
2165.000000 0.009764
2166.000000 0.013223
2167.000000 0.036535
2168.000000 0.031484
2169.000000 0.003393
2170.000000 0.007063
2171.000000 0.000003
2172.000000 0.000123
2173.000000 0.041486
2174.000000 0.012114
2175.000000 0.056866
2176.000000 0.048889
2177.000000 0.002948
2178.000000 0.017688
2179.000000 0.034410
2180.000000 0.010580
2181.000000 0.007494
2182.000000 0.014885
2183.000000 0.003735
2184.000000 0.015899
2185.000000 0.022262
2186.000000 0.002249
2187.000000 0.008845
2188.000000 0.010660
2189.000000 0.003527
2190.000000 0.001308
2191.000000 0.001576
2192.000000 0.004420
2193.000000 0.004301
2194.000000 0.007211
2195.000000 0.004942
2196.000000 0.002407
2197.000000 0.005281
2198.000000 0.013319
2199.000000 0.008706
2200.000000 0.061380
2201.000000 0.009711
2202.000000 0.005256
2203.000000 0.000028
2204.000000 0.002459
2205.000000 0.000004
2206.000000 0.021044
2207.000000 0.009969
2208.000000 0.002433
2209.000000 0.002575
2210.000000 0.003646
2211.000000 0.007559
2212.000000 0.004364
2213.000000 0.002428
2214.000000 0.000012
2215.000000 0.000684
2216.000000 0.009514
2217.000000 0.002376
2218.000000 0.005568
2219.000000 0.000445
2220.000000 0.001843
2221.000000 0.007219
2222.000000 0.001095
2223.000000 0.002329
2224.000000 0.006024
2225.000000 0.004089
2226.000000 0.009984
2227.000000 0.003088
2228.000000 0.010104
2229.000000 0.002721
2230.000000 0.035255
2231.000000 0.019345
2232.000000 0.035145
2233.000000 0.018932
2234.000000 0.014393
2235.000000 0.006636
2236.000000 0.012237
2237.000000 0.002533
2238.000000 0.013967
2239.000000 0.002102
2240.000000 0.003780
2241.000000 0.005988
2242.000000 0.017851
2243.000000 0.003930
2244.000000 0.014641
2245.000000 0.011508
2246.000000 0.002451
2247.000000 0.003757
2248.000000 0.004641
2249.000000 0.001108
2250.000000 0.003150
2251.000000 0.005764
2252.000000 0.001296
2253.000000 0.002777
2254.000000 0.007732
2255.000000 0.002345
2256.000000 0.001736
2257.000000 0.001928
2258.000000 0.004632
2259.000000 0.005427
2260.000000 0.007789
2261.000000 0.005582
2262.000000 0.009386
2263.000000 0.036055
2264.000000 0.016562
2265.000000 0.011619
2266.000000 0.006172
2267.000000 0.001570
2268.000000 0.011740
2269.000000 0.002447
2270.000000 0.000015
2271.000000 0.007455
2272.000000 0.005782
2273.000000 0.005747
2274.000000 0.000222
2275.000000 0.007328
2276.000000 0.005718
2277.000000 0.000052
2278.000000 0.002006
2279.000000 0.003888
2280.000000 0.006488
2281.000000 0.002007
2282.000000 0.003050
2283.000000 0.005260
2284.000000 0.013156
2285.000000 0.008990
2286.000000 0.006590
2287.000000 0.009020
2288.000000 0.002212
2289.000000 0.003748
2290.000000 0.041285
2291.000000 0.035358
2292.000000 0.031659
2293.000000 0.025091
2294.000000 0.019419
2295.000000 0.000034
2296.000000 0.002558
2297.000000 0.001787
2298.000000 0.001468
2299.000000 0.093866
2300.000000 0.034624
2301.000000 0.003573
2302.000000 0.027322
2303.000000 0.032822
2304.000000 0.002451
2305.000000 0.044665
2306.000000 0.034287
2307.000000 0.005916
2308.000000 0.032141
2309.000000 0.030019
2310.000000 0.016970
2311.000000 0.010916
2312.000000 0.015580
2313.000000 0.020947
2314.000000 0.025076
2315.000000 0.015203
2316.000000 0.001462
2317.000000 0.001676
2318.000000 0.002984
2319.000000 0.005436
2320.000000 0.007997
2321.000000 0.004009
2322.000000 0.010101
2323.000000 0.008010
2324.000000 0.006754
2325.000000 0.005517
2326.000000 0.017331
2327.000000 0.019921
2328.000000 0.011134
2329.000000 0.008109
2330.000000 0.003856
2331.000000 0.000056
2332.000000 0.000054
2333.000000 0.008862
2334.000000 0.009366
2335.000000 0.002429
2336.000000 0.000037
2337.000000 0.001866
2338.000000 0.002557
2339.000000 0.006771
2340.000000 0.004390
2341.000000 0.003875
2342.000000 0.003917
2343.000000 0.007357
2344.000000 0.006118
2345.000000 0.005415
2346.000000 0.004253
2347.000000 0.010546
2348.000000 0.006447
2349.000000 0.001507
2350.000000 0.007474
2351.000000 0.000911
2352.000000 0.006329
2353.000000 0.013081
2354.000000 0.018853
2355.000000 0.006289
2356.000000 0.001506
2357.000000 0.009368
2358.000000 0.029829
2359.000000 0.010529
2360.000000 0.049791
2361.000000 0.007874
2362.000000 0.012548
2363.000000 0.018290
2364.000000 0.002478
2365.000000 0.023492
2366.000000 0.014374
2367.000000 0.001164
2368.000000 0.001827
2369.000000 0.005600
2370.000000 0.006874
2371.000000 0.011378
2372.000000 0.000986
2373.000000 0.002418
2374.000000 0.003844
2375.000000 0.006571
2376.000000 0.017242
2377.000000 0.009768
2378.000000 0.006807
2379.000000 0.000939
2380.000000 0.001939
2381.000000 0.002250
2382.000000 0.002128
2383.000000 0.005158
2384.000000 0.005597
2385.000000 0.006538
2386.000000 0.004733
2387.000000 0.006794
2388.000000 0.006304
2389.000000 0.012538
2390.000000 0.008376
2391.000000 0.005261
2392.000000 0.017813
2393.000000 0.015439
2394.000000 0.002460
2395.000000 0.011757
2396.000000 0.002449
2397.000000 0.000019
2398.000000 0.004245
2399.000000 0.002523
2400.000000 0.001629
2401.000000 0.001750
2402.000000 0.002604
2403.000000 0.004352
2404.000000 0.003920
2405.000000 0.005180
2406.000000 0.001967
2407.000000 0.007112
2408.000000 0.003322
2409.000000 0.001670
2410.000000 0.004263
2411.000000 0.004729
2412.000000 0.004651
2413.000000 0.005173
2414.000000 0.011427
2415.000000 0.023651
2416.000000 0.003728
2417.000000 0.018821
2418.000000 0.023469
2419.000000 0.024207
2420.000000 0.015903
2421.000000 0.011865
2422.000000 0.038399
2423.000000 0.030481
2424.000000 0.018103
2425.000000 0.010071
2426.000000 0.004569
2427.000000 0.000091
2428.000000 0.047028
2429.000000 0.044018
2430.000000 0.060965
2431.000000 0.023556
2432.000000 0.002773
2433.000000 0.015646
2434.000000 0.011788
2435.000000 0.009380
2436.000000 0.023738
2437.000000 0.016952
2438.000000 0.004421
2439.000000 0.006673
2440.000000 0.006511
2441.000000 0.008732
2442.000000 0.007686
2443.000000 0.006080
2444.000000 0.005859
2445.000000 0.003851
2446.000000 0.004447
2447.000000 0.003901
2448.000000 0.000783
2449.000000 0.006963
2450.000000 0.007947
2451.000000 0.013872
2452.000000 0.013729
2453.000000 0.001703
2454.000000 0.015287
2455.000000 0.012250
2456.000000 0.014159
2457.000000 0.007639
2458.000000 0.005693
2459.000000 0.000024
2460.000000 0.011291
2461.000000 0.002446
2462.000000 0.014512
2463.000000 0.002949
2464.000000 0.002451
2465.000000 0.006875
2466.000000 0.010378
2467.000000 0.007106
2468.000000 0.003895
2469.000000 0.000010
2470.000000 0.002426
2471.000000 0.003836
2472.000000 0.007597
2473.000000 0.006971
2474.000000 0.009436
2475.000000 0.016040
2476.000000 0.010650
2477.000000 0.015084
2478.000000 0.016672
2479.000000 0.015808
2480.000000 0.010060
2481.000000 0.029450
2482.000000 0.019753
2483.000000 0.003956
2484.000000 0.007399
2485.000000 0.032778
2486.000000 0.051122
2487.000000 0.080295
2488.000000 0.023089
2489.000000 0.031896
2490.000000 0.006806
2491.000000 0.011773
2492.000000 0.000040
2493.000000 0.011723
2494.000000 0.002428
2495.000000 0.000030
2496.000000 0.000020
2497.000000 0.000020
2498.000000 0.015046
2499.000000 0.003133
2500.000000 0.002474
2501.000000 0.002432
2502.000000 0.000023
2503.000000 0.003924
2504.000000 0.003916
2505.000000 0.002530
2506.000000 0.000032
2507.000000 0.005073
2508.000000 0.002105
2509.000000 0.003239
2510.000000 0.000066
2511.000000 0.000010
2512.000000 0.000043
2513.000000 0.000047
2514.000000 0.002418
2515.000000 0.002427
2516.000000 0.000023
2517.000000 0.001102
2518.000000 0.005782
2519.000000 0.010109
2520.000000 0.003291
2521.000000 0.004268
2522.000000 0.002953
2523.000000 0.008337
2524.000000 0.005830
2525.000000 0.008920
2526.000000 0.008893
2527.000000 0.011941
2528.000000 0.015953
2529.000000 0.005550
2530.000000 0.013321
2531.000000 0.009901
2532.000000 0.008499
2533.000000 0.005767
2534.000000 0.005696
2535.000000 0.005677
2536.000000 0.003882
2537.000000 0.002383
2538.000000 0.023511
2539.000000 0.012355
2540.000000 0.034138
2541.000000 0.029055
2542.000000 0.028646
2543.000000 0.016976
2544.000000 0.016917
2545.000000 0.010466
2546.000000 0.014646
2547.000000 0.000030
2548.000000 0.000029
2549.000000 0.000029
2550.000000 0.001967
2551.000000 0.001005
2552.000000 0.002849
2553.000000 0.003439
2554.000000 0.000004
2555.000000 0.210159
2556.000000 0.050284
2557.000000 0.054101
2558.000000 0.094643
2559.000000 0.002503
2560.000000 0.044635
2561.000000 0.026553
2562.000000 0.060834
2563.000000 0.016720
2564.000000 0.028371
2565.000000 0.022087
2566.000000 0.014174
2567.000000 0.017478
2568.000000 0.012474
2569.000000 0.002883
2570.000000 0.011753
2571.000000 0.007098
2572.000000 0.002364
2573.000000 0.002644
2574.000000 0.009467
2575.000000 0.004483
2576.000000 0.007124
2577.000000 0.002700
2578.000000 0.006562
2579.000000 0.005338
2580.000000 0.005736
2581.000000 0.005877
2582.000000 0.008302
2583.000000 0.014087
2584.000000 0.008691
2585.000000 0.003496
2586.000000 0.000072
2587.000000 0.011756
2588.000000 0.002437
2589.000000 0.011480
2590.000000 0.011709
2591.000000 0.000049
2592.000000 0.005932
2593.000000 0.005251
2594.000000 0.007475
2595.000000 0.007679
2596.000000 0.003922
2597.000000 0.000071
2598.000000 0.003699
2599.000000 0.000739
2600.000000 0.011539
2601.000000 0.003975
2602.000000 0.004911
2603.000000 0.004433
2604.000000 0.008965
2605.000000 0.003264
2606.000000 0.003103
2607.000000 0.011659
2608.000000 0.004436
2609.000000 0.011206
2610.000000 0.013656
2611.000000 0.024045
2612.000000 0.030921
2613.000000 0.020709
2614.000000 0.048093
2615.000000 0.019005
2616.000000 0.095157
2617.000000 0.024130
2618.000000 0.034359
2619.000000 0.028133
2620.000000 0.002432
2621.000000 0.002449
2622.000000 0.017656
2623.000000 0.007324
2624.000000 0.009104
2625.000000 0.008097
2626.000000 0.012284
2627.000000 0.016099
2628.000000 0.012064
2629.000000 0.002470
2630.000000 0.005053
2631.000000 0.006194
2632.000000 0.005794
2633.000000 0.001206
2634.000000 0.005086
2635.000000 0.001087
2636.000000 0.002175
2637.000000 0.002776
2638.000000 0.005077
2639.000000 0.011730
2640.000000 0.012539
2641.000000 0.003386
2642.000000 0.005962
2643.000000 0.003469
2644.000000 0.007352
2645.000000 0.018802
2646.000000 0.041778
2647.000000 0.020085
2648.000000 0.019983
2649.000000 0.003588
2650.000000 0.003755
2651.000000 0.011750
2652.000000 0.000017
2653.000000 0.002436
2654.000000 0.018129
2655.000000 0.003939
2656.000000 0.001478
2657.000000 0.007955
2658.000000 0.008528
2659.000000 0.005881
2660.000000 0.003878
2661.000000 0.002456
2662.000000 0.003543
2663.000000 0.006732
2664.000000 0.013492
2665.000000 0.005035
2666.000000 0.004165
2667.000000 0.009616
2668.000000 0.005332
2669.000000 0.010721
2670.000000 0.012011
2671.000000 0.002152
2672.000000 0.008483
2673.000000 0.020256
2674.000000 0.005973
2675.000000 0.005366
2676.000000 0.011825
2677.000000 0.014215
2678.000000 0.011459
2679.000000 0.022157
2680.000000 0.013086
2681.000000 0.001306
2682.000000 0.000072
2683.000000 0.023521
2684.000000 0.036000
2685.000000 0.029540
2686.000000 0.044548
2687.000000 0.001641
2688.000000 0.013056
2689.000000 0.020449
2690.000000 0.031710
2691.000000 0.032392
2692.000000 0.021647
2693.000000 0.010532
2694.000000 0.006899
2695.000000 0.008001
2696.000000 0.018582
2697.000000 0.009326
2698.000000 0.004714
2699.000000 0.011133
2700.000000 0.008030
2701.000000 0.008892
2702.000000 0.007071
2703.000000 0.006218
2704.000000 0.001671
2705.000000 0.010592
2706.000000 0.001832
2707.000000 0.005492
2708.000000 0.006653
2709.000000 0.021690
2710.000000 0.017632
2711.000000 0.029202
2712.000000 0.016415
2713.000000 0.005398
2714.000000 0.002465
2715.000000 0.000034
2716.000000 0.023297
2717.000000 0.010431
2718.000000 0.002446
2719.000000 0.004014
2720.000000 0.002145
2721.000000 0.004781
2722.000000 0.002127
2723.000000 0.003354
2724.000000 0.000020
2725.000000 0.002421
2726.000000 0.002505
2727.000000 0.009008
2728.000000 0.008046
2729.000000 0.005299
2730.000000 0.014626
2731.000000 0.011103
2732.000000 0.007643
2733.000000 0.000490
2734.000000 0.003304
2735.000000 0.007521
2736.000000 0.005001
2737.000000 0.024606
2738.000000 0.017633
2739.000000 0.017477
2740.000000 0.027643
2741.000000 0.041635
2742.000000 0.032018
2743.000000 0.013674
2744.000000 0.057222
2745.000000 0.012700
2746.000000 0.013593
2747.000000 0.025107
2748.000000 0.000008
2749.000000 0.036328
2750.000000 0.033008
2751.000000 0.006945
2752.000000 0.008392
2753.000000 0.007096
2754.000000 0.014754
2755.000000 0.003989
2756.000000 0.002474
2757.000000 0.004358
2758.000000 0.004347
2759.000000 0.002094
2760.000000 0.013815
2761.000000 0.011333
2762.000000 0.005930
2763.000000 0.004265
2764.000000 0.003046
2765.000000 0.003876
2766.000000 0.002348
2767.000000 0.004456
2768.000000 0.007675
2769.000000 0.007891
2770.000000 0.005185
2771.000000 0.011095
2772.000000 0.008927
2773.000000 0.023916
2774.000000 0.034834
2775.000000 0.047596
2776.000000 0.020985
2777.000000 0.002468
2778.000000 0.011742
2779.000000 0.002500
2780.000000 0.000069
2781.000000 0.021815
2782.000000 0.002679
2783.000000 0.004441
2784.000000 0.009550
2785.000000 0.006377
2786.000000 0.003683
2787.000000 0.006969
2788.000000 0.000088
2789.000000 0.004753
2790.000000 0.000400
2791.000000 0.005299
2792.000000 0.004562
2793.000000 0.013472
2794.000000 0.007978
2795.000000 0.008025
2796.000000 0.011554
2797.000000 0.016448
2798.000000 0.008454
2799.000000 0.000339
2800.000000 0.020750
2801.000000 0.044279
2802.000000 0.023188
2803.000000 0.011518
2804.000000 0.012268
2805.000000 0.024839
2806.000000 0.013503
2807.000000 0.003582
2808.000000 0.004236
2809.000000 0.004330
2810.000000 0.000000
2811.000000 0.000011
2812.000000 0.000127
2813.000000 0.000069
2814.000000 0.065798
2815.000000 0.013571
2816.000000 0.023454
2817.000000 0.021694
2818.000000 0.047051
2819.000000 0.064854
2820.000000 0.004599
2821.000000 0.004587
2822.000000 0.000026
2823.000000 0.000106
2824.000000 0.026160
2825.000000 0.026175
2826.000000 0.010851
2827.000000 0.007633
2828.000000 0.011060
2829.000000 0.029603
2830.000000 0.010799
2831.000000 0.014612
2832.000000 0.000013
2833.000000 0.000010
2834.000000 0.007321
2835.000000 0.007314
2836.000000 0.006802
2837.000000 0.014039
2838.000000 0.019290
2839.000000 0.013463
2840.000000 0.015792
2841.000000 0.004670
2842.000000 0.015658
2843.000000 0.012534
2844.000000 0.004943
2845.000000 0.004842
2846.000000 0.003717
2847.000000 0.003724
2848.000000 0.005601
2849.000000 0.003679
2850.000000 0.002831
2851.000000 0.002686
2852.000000 0.005155
2853.000000 0.010856
2854.000000 0.010865
2855.000000 0.007401
2856.000000 0.006497
2857.000000 0.005552
2858.000000 0.005552
2859.000000 0.009271
2860.000000 0.005458
2861.000000 0.016445
2862.000000 0.000021
2863.000000 0.007431
2864.000000 0.003862
2865.000000 0.011813
2866.000000 0.004494
2867.000000 0.005962
2868.000000 0.006877
2869.000000 0.020724
2870.000000 0.022744
2871.000000 0.010213
2872.000000 0.005717
2873.000000 0.000046
2874.000000 0.000046
2875.000000 0.000014
2876.000000 0.000017
2877.000000 0.000019
2878.000000 0.011734
2879.000000 0.002441
2880.000000 0.011745
2881.000000 0.011578
2882.000000 0.002439
2883.000000 0.000025
2884.000000 0.002439
2885.000000 0.002411
2886.000000 0.002499
2887.000000 0.002444
2888.000000 0.004256
2889.000000 0.005676
2890.000000 0.007533
2891.000000 0.005480
2892.000000 0.003763
2893.000000 0.003176
2894.000000 0.000049
2895.000000 0.000045
2896.000000 0.000041
2897.000000 0.000025
2898.000000 0.000050
2899.000000 0.002441
2900.000000 0.003211
2901.000000 0.006598
2902.000000 0.002406
2903.000000 0.008110
2904.000000 0.011298
2905.000000 0.018090
2906.000000 0.021369
2907.000000 0.013911
2908.000000 0.009732
2909.000000 0.030480
2910.000000 0.030491
2911.000000 0.011078
2912.000000 0.011083
2913.000000 0.020606
2914.000000 0.013291
2915.000000 0.000036
2916.000000 0.002415
2917.000000 0.025113
2918.000000 0.003322
2919.000000 0.005652
2920.000000 0.005993
2921.000000 0.031632
2922.000000 0.013984
2923.000000 0.013986
2924.000000 0.005568
2925.000000 0.020781
2926.000000 0.013889
2927.000000 0.017728
2928.000000 0.030209
2929.000000 0.042874
2930.000000 0.045276
2931.000000 0.004580
2932.000000 0.116528
2933.000000 0.065685
2934.000000 0.070748
2935.000000 0.042862
2936.000000 0.061129
2937.000000 0.018265
2938.000000 0.023062
2939.000000 0.001940
2940.000000 0.000051
2941.000000 0.000051
2942.000000 0.000051
2943.000000 0.000042
2944.000000 0.000042
2945.000000 0.014021
2946.000000 0.000023
2947.000000 0.000009
2948.000000 0.000036
2949.000000 0.000036
2950.000000 0.000038
2951.000000 0.000059
2952.000000 0.000059
2953.000000 0.000059
2954.000000 0.023136
2955.000000 0.004834
2956.000000 0.000041
2957.000000 0.000048
2958.000000 0.004812
2959.000000 0.000027
2960.000000 0.000025
2961.000000 0.000026
2962.000000 0.000026
2963.000000 0.000039
2964.000000 0.002470
2965.000000 0.006299
2966.000000 0.005326
2967.000000 0.002567
2968.000000 0.000040
2969.000000 0.000040
2970.000000 0.000041
2971.000000 0.000043
2972.000000 0.007720
2973.000000 0.003881
2974.000000 0.007694
2975.000000 0.007697
2976.000000 0.000131
2977.000000 0.002447
2978.000000 0.000030
2979.000000 0.000029
2980.000000 0.000019
2981.000000 0.000018
2982.000000 0.000049
2983.000000 0.000062
2984.000000 0.000062
2985.000000 0.000047
2986.000000 0.000031
2987.000000 0.004821
2988.000000 0.000003
2989.000000 0.000006
2990.000000 0.000040
2991.000000 0.002001
2992.000000 0.003938
2993.000000 0.003939
2994.000000 0.003940
2995.000000 0.001120
2996.000000 0.007315
2997.000000 0.004874
2998.000000 0.002445
2999.000000 0.000012
3000.000000 0.001934
3001.000000 0.003854
3002.000000 0.003855
3003.000000 0.000666
3004.000000 0.007507
3005.000000 0.012046
3006.000000 0.012047
3007.000000 0.012049
3008.000000 0.012051
3009.000000 0.012053
3010.000000 0.012054
3011.000000 0.012056
3012.000000 0.014502
3013.000000 0.017748
3014.000000 0.018843
3015.000000 0.018846
3016.000000 0.018848
3017.000000 0.001434
3018.000000 0.001434
3019.000000 0.007875
3020.000000 0.015643
3021.000000 0.011220
3022.000000 0.007819
3023.000000 0.007820
3024.000000 0.007820
3025.000000 0.007820
3026.000000 0.007820
3027.000000 0.007821
3028.000000 0.007821
3029.000000 0.004021
3030.000000 0.000139
3031.000000 0.002467
3032.000000 0.000026
3033.000000 0.000005
3034.000000 0.000012
3035.000000 0.046961
3036.000000 0.046964
3037.000000 0.046967
3038.000000 0.046971
3039.000000 0.046974
3040.000000 0.035233
3041.000000 0.023484
3042.000000 0.023486
3043.000000 0.023487
3044.000000 0.023488
3045.000000 0.023489
3046.000000 0.023491
3047.000000 0.023492
3048.000000 0.023493
3049.000000 0.016644
3050.000000 0.009799
3051.000000 0.000041
3052.000000 0.000041
3053.000000 0.000041
3054.000000 0.000041
3055.000000 0.000041
3056.000000 0.000041
3057.000000 0.000041
3058.000000 0.000040
3059.000000 0.003913
3060.000000 0.003913
3061.000000 0.003912
3062.000000 0.003912
3063.000000 0.004896
3064.000000 0.000001
3065.000000 0.000014
3066.000000 0.493572
3067.000000 0.188020
3068.000000 0.094007
3069.000000 0.048496
3070.000000 0.023759
3071.000000 0.159438
3072.000000 0.203195
3073.000000 0.111304
3074.000000 0.104456
3075.000000 0.002374
3076.000000 0.000094
3077.000000 0.000108
3078.000000 0.044590
3079.000000 0.066309
3080.000000 0.056946
3081.000000 0.021335
3082.000000 0.024146
3083.000000 0.056850
3084.000000 0.048122
3085.000000 0.018367
3086.000000 0.020259
3087.000000 0.007819
3088.000000 0.004452
3089.000000 0.004451
3090.000000 0.022267
3091.000000 0.022140
3092.000000 0.018673
3093.000000 0.008624
3094.000000 0.011657
3095.000000 0.012184
3096.000000 0.015144
3097.000000 0.014212
3098.000000 0.016350
3099.000000 0.005245
3100.000000 0.003260
3101.000000 0.003254
3102.000000 0.000572
3103.000000 0.000551
3104.000000 0.002507
3105.000000 0.002230
3106.000000 0.004723
3107.000000 0.003291
3108.000000 0.003552
3109.000000 0.005751
3110.000000 0.005705
3111.000000 0.004123
3112.000000 0.001369
3113.000000 0.004515
3114.000000 0.003506
3115.000000 0.006529
3116.000000 0.006545
3117.000000 0.003878
3118.000000 0.003878
3119.000000 0.006956
3120.000000 0.000935
3121.000000 0.016389
3122.000000 0.004345
3123.000000 0.012699
3124.000000 0.023705
3125.000000 0.016354
3126.000000 0.004652
3127.000000 0.002326
3128.000000 0.002317
3129.000000 0.000039
3130.000000 0.000012
3131.000000 0.000034
3132.000000 0.011795
3133.000000 0.002493
3134.000000 0.000013
3135.000000 0.002374
3136.000000 0.010759
3137.000000 0.011765
3138.000000 0.000066
3139.000000 0.000069
3140.000000 0.000069
3141.000000 0.002432
3142.000000 0.000496
3143.000000 0.002359
3144.000000 0.004415
3145.000000 0.003917
3146.000000 0.009840
3147.000000 0.006072
3148.000000 0.003965
3149.000000 0.003944
3150.000000 0.000055
3151.000000 0.000059
3152.000000 0.000050
3153.000000 0.002530
3154.000000 0.002539
3155.000000 0.006161
3156.000000 0.008164
3157.000000 0.007667
3158.000000 0.005427
3159.000000 0.003870
3160.000000 0.005840
3161.000000 0.007395
3162.000000 0.002400
3163.000000 0.001123
3164.000000 0.000993
3165.000000 0.002471
3166.000000 0.009186
3167.000000 0.001192
3168.000000 0.001961
3169.000000 0.003683
3170.000000 0.007154
3171.000000 0.010404
3172.000000 0.005224
3173.000000 0.008291
3174.000000 0.004809
3175.000000 0.004812
3176.000000 0.031504
3177.000000 0.006553
3178.000000 0.010527
3179.000000 0.010151
3180.000000 0.007436
3181.000000 0.009373
3182.000000 0.009397
3183.000000 0.051130
3184.000000 0.083840
3185.000000 0.059964
3186.000000 0.048502
3187.000000 0.049352
3188.000000 0.077224
3189.000000 0.016118
3190.000000 0.011035
3191.000000 0.015488
3192.000000 0.041543
3193.000000 0.023680
3194.000000 0.021445
3195.000000 0.023559
3196.000000 0.011804
3197.000000 0.002337
3198.000000 0.000072
3199.000000 0.023535
3200.000000 0.023402
3201.000000 0.011075
3202.000000 0.011745
3203.000000 0.004877
3204.000000 0.002460
3205.000000 0.001578
3206.000000 0.003915
3207.000000 0.001342
3208.000000 0.003795
3209.000000 0.010888
3210.000000 0.015503
3211.000000 0.015503
3212.000000 0.017273
3213.000000 0.007742
3214.000000 0.007741
3215.000000 0.002471
3216.000000 0.000008
3217.000000 0.003474
3218.000000 0.004759
3219.000000 0.004371
3220.000000 0.009183
3221.000000 0.006528
3222.000000 0.007444
3223.000000 0.008763
3224.000000 0.008175
3225.000000 0.001858
3226.000000 0.004186
3227.000000 0.004336
3228.000000 0.000760
3229.000000 0.003205
3230.000000 0.001271
3231.000000 0.005358
3232.000000 0.002817
3233.000000 0.000970
3234.000000 0.003385
3235.000000 0.003632
3236.000000 0.003633
3237.000000 0.002630
3238.000000 0.001549
3239.000000 0.005607
3240.000000 0.005765
3241.000000 0.005310
3242.000000 0.002783
3243.000000 0.006821
3244.000000 0.007312
3245.000000 0.007324
3246.000000 0.006260
3247.000000 0.008384
3248.000000 0.008999
3249.000000 0.010241
3250.000000 0.010239
3251.000000 0.018497
3252.000000 0.013607
3253.000000 0.005915
3254.000000 0.007641
3255.000000 0.003550
3256.000000 0.002430
3257.000000 0.004291
3258.000000 0.002442
3259.000000 0.000053
3260.000000 0.011752
3261.000000 0.000016
3262.000000 0.000034
3263.000000 0.000034
3264.000000 0.002424
3265.000000 0.011386
3266.000000 0.011739
3267.000000 0.002455
3268.000000 0.002448
3269.000000 0.004655
3270.000000 0.000049
3271.000000 0.001788
3272.000000 0.003935
3273.000000 0.005752
3274.000000 0.005756
3275.000000 0.001379
3276.000000 0.003201
3277.000000 0.003858
3278.000000 0.000050
3279.000000 0.002448
3280.000000 0.000044
3281.000000 0.002475
3282.000000 0.003752
3283.000000 0.003756
3284.000000 0.005664
3285.000000 0.003718
3286.000000 0.003689
3287.000000 0.003051
3288.000000 0.001951
3289.000000 0.003889
3290.000000 0.006273
3291.000000 0.009920
3292.000000 0.009699
3293.000000 0.015571
3294.000000 0.007045
3295.000000 0.007921
3296.000000 0.007382
3297.000000 0.008218
3298.000000 0.014845
3299.000000 0.017753
3300.000000 0.020849
3301.000000 0.023103
3302.000000 0.013411
3303.000000 0.018172
3304.000000 0.020057
3305.000000 0.021932
3306.000000 0.015156
3307.000000 0.015188
3308.000000 0.018686
3309.000000 0.010140
3310.000000 0.016749
3311.000000 0.016758
3312.000000 0.035673
3313.000000 0.037913
3314.000000 0.041986
3315.000000 0.018005
3316.000000 0.018025
3317.000000 0.018044
3318.000000 0.002679
3319.000000 0.001548
3320.000000 0.000757
3321.000000 0.000020
3322.000000 0.000082
3323.000000 0.000035
3324.000000 0.023539
3325.000000 0.011786
3326.000000 0.049214
3327.000000 0.033384
3328.000000 0.022988
3329.000000 0.041134
3330.000000 0.047752
3331.000000 0.002447
3332.000000 0.004740
3333.000000 0.000104
3334.000000 0.013100
3335.000000 0.011486
3336.000000 0.010306
3337.000000 0.010306
3338.000000 0.008626
3339.000000 0.009452
3340.000000 0.016701
3341.000000 0.014442
3342.000000 0.007828
3343.000000 0.007840
3344.000000 0.003915
3345.000000 0.007584
3346.000000 0.010780
3347.000000 0.010774
3348.000000 0.017655
3349.000000 0.023732
3350.000000 0.023741
3351.000000 0.004899
3352.000000 0.013231
3353.000000 0.010218
3354.000000 0.005426
3355.000000 0.005438
3356.000000 0.001953
3357.000000 0.002485
3358.000000 0.002472
3359.000000 0.002594
3360.000000 0.004837
3361.000000 0.004721
3362.000000 0.005101
3363.000000 0.004002
3364.000000 0.006026
3365.000000 0.005889
3366.000000 0.007245
3367.000000 0.001034
3368.000000 0.003480
3369.000000 0.014799
3370.000000 0.014812
3371.000000 0.017636
3372.000000 0.007706
3373.000000 0.003890
3374.000000 0.003890
3375.000000 0.014565
3376.000000 0.012350
3377.000000 0.021501
3378.000000 0.011738
3379.000000 0.014159
3380.000000 0.014161
3381.000000 0.023145
3382.000000 0.011821
3383.000000 0.005423
3384.000000 0.000040
3385.000000 0.000048
3386.000000 0.002485
3387.000000 0.000025
3388.000000 0.000035
3389.000000 0.011724
3390.000000 0.011715
3391.000000 0.011715
3392.000000 0.002434
3393.000000 0.002431
3394.000000 0.000036
3395.000000 0.002446
3396.000000 0.001636
3397.000000 0.000031
3398.000000 0.004486
3399.000000 0.004736
3400.000000 0.007401
3401.000000 0.007401
3402.000000 0.003970
3403.000000 0.004625
3404.000000 0.003989
3405.000000 0.000064
3406.000000 0.000067
3407.000000 0.002496
3408.000000 0.000015
3409.000000 0.000016
3410.000000 0.002433
3411.000000 0.008384
3412.000000 0.001481
3413.000000 0.010243
3414.000000 0.008438
3415.000000 0.004284
3416.000000 0.005705
3417.000000 0.004679
3418.000000 0.005029
3419.000000 0.002245
3420.000000 0.003016
3421.000000 0.002687
3422.000000 0.002683
3423.000000 0.005590
3424.000000 0.005099
3425.000000 0.004056
3426.000000 0.002479
3427.000000 0.011386
3428.000000 0.008332
3429.000000 0.010989
3430.000000 0.010594
3431.000000 0.011371
3432.000000 0.012748
3433.000000 0.012738
3434.000000 0.005769
3435.000000 0.016417
3436.000000 0.017572
3437.000000 0.013848
3438.000000 0.024230
3439.000000 0.002718
3440.000000 0.013664
3441.000000 0.015511
3442.000000 0.022344
3443.000000 0.044178
3444.000000 0.065051
3445.000000 0.040491
3446.000000 0.034449
3447.000000 0.021902
3448.000000 0.025355
3449.000000 0.009293
3450.000000 0.011769
3451.000000 0.002394
3452.000000 0.023514
3453.000000 0.000038
3454.000000 0.000037
3455.000000 0.000037
3456.000000 0.011074
3457.000000 0.026602
3458.000000 0.013052
3459.000000 0.003946
3460.000000 0.003955
3461.000000 0.003934
3462.000000 0.004327
3463.000000 0.007311
3464.000000 0.009973
3465.000000 0.002548
3466.000000 0.011008
3467.000000 0.009780
3468.000000 0.004515
3469.000000 0.002414
3470.000000 0.000050
3471.000000 0.002484
3472.000000 0.002489
3473.000000 0.003996
3474.000000 0.008018
3475.000000 0.008018
3476.000000 0.007438
3477.000000 0.008529
3478.000000 0.011452
3479.000000 0.011466
3480.000000 0.001362
3481.000000 0.005647
3482.000000 0.003933
3483.000000 0.005105
3484.000000 0.006177
3485.000000 0.002715
3486.000000 0.004378
3487.000000 0.004480
3488.000000 0.003200
3489.000000 0.000374
3490.000000 0.002216
3491.000000 0.007215
3492.000000 0.006321
3493.000000 0.005791
3494.000000 0.001417
3495.000000 0.005956
3496.000000 0.005956
3497.000000 0.009860
3498.000000 0.007160
3499.000000 0.014964
3500.000000 0.009042
3501.000000 0.003851
3502.000000 0.002127
3503.000000 0.002956
3504.000000 0.006639
3505.000000 0.010032
3506.000000 0.020198
3507.000000 0.008911
3508.000000 0.015426
3509.000000 0.015415
3510.000000 0.005809
3511.000000 0.006910
3512.000000 0.003638
3513.000000 0.000091
3514.000000 0.011694
3515.000000 0.002392
3516.000000 0.000040
3517.000000 0.000043
3518.000000 0.000069
3519.000000 0.011691
3520.000000 0.011267
3521.000000 0.000243
3522.000000 0.002478
3523.000000 0.002470
3524.000000 0.002457
3525.000000 0.001518
3526.000000 0.003884
3527.000000 0.002592
3528.000000 0.005143
3529.000000 0.005331
3530.000000 0.003891
3531.000000 0.003948
3532.000000 0.003914
3533.000000 0.000116
3534.000000 0.000079
3535.000000 0.002369
3536.000000 0.002345
3537.000000 0.003956
3538.000000 0.003959
3539.000000 0.003959
3540.000000 0.005047
3541.000000 0.002764
3542.000000 0.008090
3543.000000 0.009367
3544.000000 0.007688
3545.000000 0.013924
3546.000000 0.021570
3547.000000 0.021596
3548.000000 0.022321
3549.000000 0.026265
3550.000000 0.027822
3551.000000 0.027822
3552.000000 0.012276
3553.000000 0.012275
3554.000000 0.009426
3555.000000 0.012081
3556.000000 0.012081
3557.000000 0.009504
3558.000000 0.023603
3559.000000 0.023575
3560.000000 0.023509
3561.000000 0.045894
3562.000000 0.056230
3563.000000 0.056230
3564.000000 0.045842
3565.000000 0.045842
3566.000000 0.036309
3567.000000 0.013468
3568.000000 0.013478
3569.000000 0.013487
3570.000000 0.000063
3571.000000 0.001934
3572.000000 0.001933
3573.000000 0.004631
3574.000000 0.006290
3575.000000 0.004354
3576.000000 0.000027
3577.000000 0.000027
3578.000000 0.000027
3579.000000 0.000025
3580.000000 0.000025
3581.000000 0.000082
3582.000000 0.000082
3583.000000 0.000182
3584.000000 0.000182
3585.000000 0.047180
3586.000000 0.023677
3587.000000 0.011924
3588.000000 0.002624
3589.000000 0.000184
3590.000000 0.023543
3591.000000 0.011800
3592.000000 0.011800
3593.000000 0.002517
3594.000000 0.046270
3595.000000 0.047013
3596.000000 0.023501
3597.000000 0.002430
3598.000000 0.002429
3599.000000 0.002436
3600.000000 0.002436
3601.000000 0.000030
3602.000000 0.000019
3603.000000 0.000043
3604.000000 0.000141
3605.000000 0.018142
3606.000000 0.018142
3607.000000 0.018142
3608.000000 0.018142
3609.000000 0.010274
3610.000000 0.010249
3611.000000 0.011827
3612.000000 0.011827
3613.000000 0.010043
3614.000000 0.018701
3615.000000 0.018716
3616.000000 0.013833
3617.000000 0.012313
3618.000000 0.015645
3619.000000 0.007826
3620.000000 0.007828
3621.000000 0.000027
3622.000000 0.000027
3623.000000 0.000022
3624.000000 0.000021
3625.000000 0.003905
3626.000000 0.003920
3627.000000 0.003920
3628.000000 0.003920
3629.000000 0.009286
3630.000000 0.009279
3631.000000 0.005761
3632.000000 0.012178
3633.000000 0.012109
3634.000000 0.010160
3635.000000 0.010138
3636.000000 0.010115
3637.000000 0.011186
3638.000000 0.009487
3639.000000 0.005752
3640.000000 0.005752
3641.000000 0.005897
3642.000000 0.004263
3643.000000 0.006296
3644.000000 0.006315
3645.000000 0.001969
3646.000000 0.003802
3647.000000 0.003817
3648.000000 0.001932
3649.000000 0.001936
3650.000000 0.001922
3651.000000 0.001924
3652.000000 0.001924
3653.000000 0.000251
3654.000000 0.001934
3655.000000 0.001933
3656.000000 0.001933
3657.000000 0.003550
3658.000000 0.002601
3659.000000 0.002057
3660.000000 0.001408
3661.000000 0.000618
3662.000000 0.002339
3663.000000 0.002344
3664.000000 0.002340
3665.000000 0.002348
3666.000000 0.002355
3667.000000 0.003943
3668.000000 0.003940
3669.000000 0.003940
3670.000000 0.002326
3671.000000 0.006279
3672.000000 0.003879
3673.000000 0.003848
3674.000000 0.009658
3675.000000 0.006075
3676.000000 0.006053
3677.000000 0.006032
3678.000000 0.003913
3679.000000 0.003273
3680.000000 0.006545
3681.000000 0.000087
3682.000000 0.000087
3683.000000 0.003975
3684.000000 0.003975
3685.000000 0.003975
3686.000000 0.000051
3687.000000 0.000035
3688.000000 0.011772
3689.000000 0.023356
3690.000000 0.025673
3691.000000 0.025669
3692.000000 0.023346
3693.000000 0.023354
3694.000000 0.021419
3695.000000 0.012720
3696.000000 0.012739
3697.000000 0.019916
3698.000000 0.012774
3699.000000 0.002737
3700.000000 0.000894
3701.000000 0.000901
3702.000000 0.000059
3703.000000 0.000056
3704.000000 0.000056
3705.000000 0.000056
3706.000000 0.000056
3707.000000 0.000062
3708.000000 0.000062
3709.000000 0.000058
3710.000000 0.000049
3711.000000 0.000049
3712.000000 0.000049
3713.000000 0.000049
3714.000000 0.011704
3715.000000 0.002402
3716.000000 0.000045
3717.000000 0.000045
3718.000000 0.011781
3719.000000 0.011781
3720.000000 0.002440
3721.000000 0.002440
3722.000000 0.000052
3723.000000 0.000039
3724.000000 0.000039
3725.000000 0.000039
3726.000000 0.002472
3727.000000 0.002489
3728.000000 0.000045
3729.000000 0.000041
3730.000000 0.002473
3731.000000 0.000035
3732.000000 0.002502
3733.000000 0.002501
3734.000000 0.003853
3735.000000 0.003853
3736.000000 0.002495
3737.000000 0.003860
3738.000000 0.003859
3739.000000 0.003858
3740.000000 0.007515
3741.000000 0.003931
3742.000000 0.000065
3743.000000 0.003918
3744.000000 0.002405
3745.000000 0.000037
3746.000000 0.000034
3747.000000 0.000045
3748.000000 0.000045
3749.000000 0.000045
3750.000000 0.000048
3751.000000 0.000074
3752.000000 0.000079
3753.000000 0.000062
3754.000000 0.000088
3755.000000 0.000084
3756.000000 0.002524
3757.000000 0.002524
3758.000000 0.005466
3759.000000 0.006600
3760.000000 0.006609
3761.000000 0.004212
3762.000000 0.004220
3763.000000 0.001368
3764.000000 0.001396
3765.000000 0.005869
3766.000000 0.005865
3767.000000 0.009370
3768.000000 0.009374
3769.000000 0.007807
3770.000000 0.006904
3771.000000 0.006918
3772.000000 0.016532
3773.000000 0.014936
3774.000000 0.008249
3775.000000 0.005044
3776.000000 0.005044
3777.000000 0.005044
3778.000000 0.005044
3779.000000 0.015575
3780.000000 0.015579
3781.000000 0.015579
3782.000000 0.015579
3783.000000 0.004565
3784.000000 0.005688
3785.000000 0.009385
3786.000000 0.003913
3787.000000 0.003912
3788.000000 0.003913
3789.000000 0.003912
3790.000000 0.003723
3791.000000 0.006567
3792.000000 0.014012
3793.000000 0.029599
3794.000000 0.029471
3795.000000 0.029478
3796.000000 0.029483
3797.000000 0.029488
3798.000000 0.033075
3799.000000 0.016361
3800.000000 0.014775
3801.000000 0.029463
3802.000000 0.029495
3803.000000 0.029495
3804.000000 0.029496
3805.000000 0.029496
3806.000000 0.027466
3807.000000 0.015803
3808.000000 0.023479
3809.000000 0.023479
3810.000000 0.018740
3811.000000 0.014937
3812.000000 0.014913
3813.000000 0.014889
3814.000000 0.045248
3815.000000 0.065016
3816.000000 0.067224
3817.000000 0.067226
3818.000000 0.067230
3819.000000 0.086568
3820.000000 0.086570
3821.000000 0.055393
3822.000000 0.050681
3823.000000 0.066399
3824.000000 0.054693
3825.000000 0.054712
3826.000000 0.056508
3827.000000 0.056517
3828.000000 0.038302
3829.000000 0.038323
3830.000000 0.033496
3831.000000 0.009271
3832.000000 0.009270
3833.000000 0.011722
3834.000000 0.011707
3835.000000 0.002004
3836.000000 0.000055
3837.000000 0.000055
3838.000000 0.000055
3839.000000 0.000055
3840.000000 0.000056
3841.000000 0.000056
3842.000000 0.000056
3843.000000 0.000083
3844.000000 0.000083
3845.000000 0.000083
3846.000000 0.000083
3847.000000 0.011816
3848.000000 0.002515
3849.000000 0.000095
3850.000000 0.000103
3851.000000 0.000103
3852.000000 0.000101
3853.000000 0.000101
3854.000000 0.000101
3855.000000 0.000101
3856.000000 0.000101
3857.000000 0.000101
3858.000000 0.000073
3859.000000 0.000073
3860.000000 0.000073
3861.000000 0.000073
3862.000000 0.000073
3863.000000 0.000073
3864.000000 0.000072
3865.000000 0.011763
3866.000000 0.011763
3867.000000 0.002489
3868.000000 0.002473
3869.000000 0.000022
3870.000000 0.000030
3871.000000 0.000030
3872.000000 0.000030
3873.000000 0.002416
3874.000000 0.002415
3875.000000 0.000047
3876.000000 0.000044
3877.000000 0.000044
3878.000000 0.000044
3879.000000 0.000044
3880.000000 0.000044
3881.000000 0.000044
3882.000000 0.000044
3883.000000 0.000044
3884.000000 0.000065
3885.000000 0.000065
3886.000000 0.002394
3887.000000 0.002393
3888.000000 0.003981
3889.000000 0.003981
3890.000000 0.002612
3891.000000 0.002587
3892.000000 0.000131
3893.000000 0.000105
3894.000000 0.000105
3895.000000 0.000105
3896.000000 0.000105
3897.000000 0.000105
3898.000000 0.000105
3899.000000 0.000105
3900.000000 0.000106
3901.000000 0.003998
3902.000000 0.003998
3903.000000 0.000125
3904.000000 0.003990
3905.000000 0.003990
3906.000000 0.003991
3907.000000 0.003992
3908.000000 0.003992
3909.000000 0.000200
3910.000000 0.000178
3911.000000 0.000157
3912.000000 0.002531
3913.000000 0.000124
3914.000000 0.000121
3915.000000 0.000122
3916.000000 0.000113
3917.000000 0.000113
3918.000000 0.000094
3919.000000 0.000094
3920.000000 0.000081
3921.000000 0.000081
3922.000000 0.000065
3923.000000 0.000065
3924.000000 0.000065
3925.000000 0.000065
3926.000000 0.000065
3927.000000 0.000064
3928.000000 0.000078
3929.000000 0.000078
3930.000000 0.000078
3931.000000 0.002506
3932.000000 0.002470
3933.000000 0.000072
3934.000000 0.000070
3935.000000 0.000070
3936.000000 0.000070
3937.000000 0.000090
3938.000000 0.000090
3939.000000 0.000090
3940.000000 0.002052
3941.000000 0.002052
3942.000000 0.002052
3943.000000 0.002052
3944.000000 0.002052
3945.000000 0.002052
3946.000000 0.002052
3947.000000 0.004810
3948.000000 0.004747
3949.000000 0.004746
3950.000000 0.002296
3951.000000 0.002295
3952.000000 0.002294
3953.000000 0.002294
3954.000000 0.000157
3955.000000 0.000156
3956.000000 0.000157
3957.000000 0.000157
3958.000000 0.002099
3959.000000 0.002099
3960.000000 0.002099
3961.000000 0.002099
3962.000000 0.002099
3963.000000 0.015686
3964.000000 0.015687
3965.000000 0.015236
3966.000000 0.015236
3967.000000 0.019067
3968.000000 0.019067
3969.000000 0.019067
3970.000000 0.019067
3971.000000 0.019067
3972.000000 0.019067
3973.000000 0.019067
3974.000000 0.019067
3975.000000 0.019067
3976.000000 0.019067
3977.000000 0.019067
3978.000000 0.019067
3979.000000 0.019067
3980.000000 0.019067
3981.000000 0.019067
3982.000000 0.023346
3983.000000 0.023365
3984.000000 0.022921
3985.000000 0.022916
3986.000000 0.022916
3987.000000 0.022916
3988.000000 0.022916
3989.000000 0.022916
3990.000000 0.022916
3991.000000 0.015677
3992.000000 0.015677
3993.000000 0.015676
3994.000000 0.015676
3995.000000 0.015676
3996.000000 0.007848
3997.000000 0.007848
3998.000000 0.007848
3999.000000 0.007848
4000.000000 0.003927
4001.000000 0.003927
4002.000000 0.003926
4003.000000 0.003926
4004.000000 0.003925
4005.000000 0.003925
4006.000000 0.003924
4007.000000 0.003924
4008.000000 0.003923
4009.000000 0.003923
4010.000000 0.003922
4011.000000 0.003922
4012.000000 0.003921
4013.000000 0.003921
4014.000000 0.003920
4015.000000 0.003920
4016.000000 0.000109
4017.000000 0.000084
4018.000000 0.000060
4019.000000 0.002461
4020.000000 0.000020
4021.000000 0.000017
4022.000000 0.000017
4023.000000 0.000003
4024.000000 0.000007
4025.000000 0.000006
4026.000000 0.000006
4027.000000 0.023499
4028.000000 0.023499
4029.000000 0.023499
4030.000000 0.023499
4031.000000 0.023499
4032.000000 0.023499
4033.000000 0.023499
4034.000000 0.023499
4035.000000 0.023499
4036.000000 0.023499
4037.000000 0.023499
4038.000000 0.035256
4039.000000 0.035256
4040.000000 0.035256
4041.000000 0.035256
4042.000000 0.035256
4043.000000 0.035256
4044.000000 0.035256
4045.000000 0.035256
4046.000000 0.035256
4047.000000 0.035256
4048.000000 0.035256
4049.000000 0.035256
4050.000000 0.035256
4051.000000 0.035257
4052.000000 0.035257
4053.000000 0.035257
4054.000000 0.035257
4055.000000 0.035257
4056.000000 0.042106
4057.000000 0.042107
4058.000000 0.042109
4059.000000 0.023504
4060.000000 0.023504
4061.000000 0.023504
4062.000000 0.023504
4063.000000 0.023504
4064.000000 0.023504
4065.000000 0.023504
4066.000000 0.023504
4067.000000 0.023504
4068.000000 0.023504
4069.000000 0.023504
4070.000000 0.023504
4071.000000 0.023504
4072.000000 0.023503
4073.000000 0.023503
4074.000000 0.023503
4075.000000 0.011750
4076.000000 0.011750
4077.000000 0.011750
4078.000000 0.011750
4079.000000 0.011750
4080.000000 0.011750
4081.000000 0.011750
4082.000000 0.011750
4083.000000 0.002448
4084.000000 0.002448
4085.000000 0.000010
