0.000000 1.955313
1.000000 0.391446
2.000000 0.792186
3.000000 0.550198
4.000000 0.404682
5.000000 0.392817
6.000000 0.137320
7.000000 0.172219
8.000000 0.025528
9.000000 0.081715
10.000000 0.022599
11.000000 0.112920
12.000000 0.136556
13.000000 0.088205
14.000000 0.031130
15.000000 0.017906
16.000000 0.052326
17.000000 0.039100
18.000000 0.011879
19.000000 0.059340
20.000000 0.057588
21.000000 0.037035
22.000000 0.012096
23.000000 0.042510
24.000000 0.043491
25.000000 0.025599
26.000000 0.083507
27.000000 0.091038
28.000000 0.059818
29.000000 0.022480
30.000000 0.011419
31.000000 0.004125
32.000000 0.030089
33.000000 0.019794
34.000000 0.005824
35.000000 0.033898
36.000000 0.031233
37.000000 0.020733
38.000000 0.006373
39.000000 0.026392
40.000000 0.021887
41.000000 0.010260
42.000000 0.043349
43.000000 0.043518
44.000000 0.029033
45.000000 0.009831
46.000000 0.000882
47.000000 0.022805
48.000000 0.014797
49.000000 0.004373
50.000000 0.028525
51.000000 0.024982
52.000000 0.016665
53.000000 0.010111
54.000000 0.019325
55.000000 0.024081
56.000000 0.021119
57.000000 0.049453
58.000000 0.055772
59.000000 0.036646
60.000000 0.014804
61.000000 0.006824
62.000000 0.004533
63.000000 0.001017
64.000000 0.015901
65.000000 0.009925
66.000000 0.003151
67.000000 0.018373
68.000000 0.016437
69.000000 0.011120
70.000000 0.004094
71.000000 0.014616
72.000000 0.012026
73.000000 0.006390
74.000000 0.024631
75.000000 0.024511
76.000000 0.016444
77.000000 0.005545
78.000000 0.000182
79.000000 0.013307
80.000000 0.008543
81.000000 0.002641
82.000000 0.016711
83.000000 0.014610
84.000000 0.009840
85.000000 0.004994
86.000000 0.012157
87.000000 0.012732
88.000000 0.009796
89.000000 0.026668
90.000000 0.028663
91.000000 0.019079
92.000000 0.007241
93.000000 0.003258
94.000000 0.000349
95.000000 0.011175
96.000000 0.006992
97.000000 0.002208
98.000000 0.013442
99.000000 0.011877
100.000000 0.008085
101.000000 0.003151
102.000000 0.010750
103.000000 0.008921
104.000000 0.005191
105.000000 0.018812
106.000000 0.018667
107.000000 0.012607
108.000000 0.004319
109.000000 0.000272
110.000000 0.010762
111.000000 0.006740
112.000000 0.002591
113.000000 0.014213
114.000000 0.012040
115.000000 0.008126
116.000000 0.006602
117.000000 0.009104
118.000000 0.013714
119.000000 0.014126
120.000000 0.028462
121.000000 0.033143
122.000000 0.021643
123.000000 0.009175
124.000000 0.004152
125.000000 0.002316
126.000000 0.001274
127.000000 0.000254
128.000000 0.008154
129.000000 0.004964
130.000000 0.001690
131.000000 0.009589
132.000000 0.008451
133.000000 0.005781
134.000000 0.002346
135.000000 0.007743
136.000000 0.006360
137.000000 0.003654
138.000000 0.013325
139.000000 0.013197
140.000000 0.008891
141.000000 0.003005
142.000000 0.000068
143.000000 0.007402
144.000000 0.004697
145.000000 0.001575
146.000000 0.009442
147.000000 0.008179
148.000000 0.005541
149.000000 0.002964
150.000000 0.006910
151.000000 0.007282
152.000000 0.005794
153.000000 0.015423
154.000000 0.016554
155.000000 0.011037
156.000000 0.004197
157.000000 0.001852
158.000000 0.000111
159.000000 0.006612
160.000000 0.004107
161.000000 0.001341
162.000000 0.008030
163.000000 0.007054
164.000000 0.004819
165.000000 0.001930
166.000000 0.006445
167.000000 0.005345
168.000000 0.003178
169.000000 0.011345
170.000000 0.011241
171.000000 0.007601
172.000000 0.002593
173.000000 0.000171
174.000000 0.006497
175.000000 0.004077
176.000000 0.001526
177.000000 0.008516
178.000000 0.007263
179.000000 0.004925
180.000000 0.003442
181.000000 0.005833
182.000000 0.007520
183.000000 0.007129
184.000000 0.015848
185.000000 0.017863
186.000000 0.011779
187.000000 0.004795
188.000000 0.002099
189.000000 0.001460
190.000000 0.000102
191.000000 0.005553
192.000000 0.003390
193.000000 0.001154
194.000000 0.006645
195.000000 0.005830
196.000000 0.003996
197.000000 0.001646
198.000000 0.005372
199.000000 0.004428
200.000000 0.002621
201.000000 0.009371
202.000000 0.009273
203.000000 0.006263
204.000000 0.002122
205.000000 0.000100
206.000000 0.005290
207.000000 0.003340
208.000000 0.001169
209.000000 0.006815
210.000000 0.005878
211.000000 0.003996
212.000000 0.002208
213.000000 0.005013
214.000000 0.005313
215.000000 0.004321
216.000000 0.011338
217.000000 0.012168
218.000000 0.008124
219.000000 0.003098
220.000000 0.001346
221.000000 0.000026
222.000000 0.004966
223.000000 0.003065
224.000000 0.001041
225.000000 0.006107
226.000000 0.005333
227.000000 0.003661
228.000000 0.001542
229.000000 0.004944
230.000000 0.004111
231.000000 0.002570
232.000000 0.008868
233.000000 0.008767
234.000000 0.005948
235.000000 0.002053
236.000000 0.000260
237.000000 0.005251
238.000000 0.003241
239.000000 0.001400
240.000000 0.007101
241.000000 0.005931
242.000000 0.004019
243.000000 0.003683
244.000000 0.004402
245.000000 0.007294
246.000000 0.007954
247.000000 0.015147
248.000000 0.017881
249.000000 0.011638
250.000000 0.005029
251.000000 0.002269
252.000000 0.001172
253.000000 0.000636
254.000000 0.000325
255.000000 0.000064
256.000000 0.004146
257.000000 0.002504
258.000000 0.000879
259.000000 0.004940
260.000000 0.004324
261.000000 0.002972
262.000000 0.001257
263.000000 0.004015
264.000000 0.003301
265.000000 0.001975
266.000000 0.007005
267.000000 0.006923
268.000000 0.004677
269.000000 0.001584
270.000000 0.000085
271.000000 0.003960
272.000000 0.002497
273.000000 0.000881
274.000000 0.005105
275.000000 0.004399
276.000000 0.002992
277.000000 0.001657
278.000000 0.003754
279.000000 0.003977
280.000000 0.003237
281.000000 0.008488
282.000000 0.009105
283.000000 0.006079
284.000000 0.002316
285.000000 0.001007
286.000000 0.000023
287.000000 0.003707
288.000000 0.002290
289.000000 0.000771
290.000000 0.004544
291.000000 0.003972
292.000000 0.002723
293.000000 0.001125
294.000000 0.003665
295.000000 0.003042
296.000000 0.001861
297.000000 0.006516
298.000000 0.006447
299.000000 0.004367
300.000000 0.001493
301.000000 0.000133
302.000000 0.003779
303.000000 0.002360
304.000000 0.000917
305.000000 0.004991
306.000000 0.004241
307.000000 0.002883
308.000000 0.002062
309.000000 0.003425
310.000000 0.004446
311.000000 0.004268
312.000000 0.009408
313.000000 0.010606
314.000000 0.006998
315.000000 0.002853
316.000000 0.001237
317.000000 0.000868
318.000000 0.000036
319.000000 0.003349
320.000000 0.002036
321.000000 0.000707
322.000000 0.004035
323.000000 0.003528
324.000000 0.002424
325.000000 0.001020
326.000000 0.003273
327.000000 0.002700
328.000000 0.001631
329.000000 0.005751
330.000000 0.005684
331.000000 0.003844
332.000000 0.001304
333.000000 0.000082
334.000000 0.003275
335.000000 0.002061
336.000000 0.000740
337.000000 0.004242
338.000000 0.003649
339.000000 0.002486
340.000000 0.001397
341.000000 0.003128
342.000000 0.003323
343.000000 0.002732
344.000000 0.007118
345.000000 0.007637
346.000000 0.005102
347.000000 0.001947
348.000000 0.000840
349.000000 0.000009
350.000000 0.003144
351.000000 0.001936
352.000000 0.000666
353.000000 0.003880
354.000000 0.003382
355.000000 0.002325
356.000000 0.000988
357.000000 0.003146
358.000000 0.002616
359.000000 0.001646
360.000000 0.005655
361.000000 0.005589
362.000000 0.003794
363.000000 0.001307
364.000000 0.000165
365.000000 0.003349
366.000000 0.002070
367.000000 0.000882
368.000000 0.004514
369.000000 0.003783
370.000000 0.002570
371.000000 0.002216
372.000000 0.002893
373.000000 0.004467
374.000000 0.004735
375.000000 0.009351
376.000000 0.010901
377.000000 0.007125
378.000000 0.003034
379.000000 0.001345
380.000000 0.000760
381.000000 0.000424
382.000000 0.000028
383.000000 0.002811
384.000000 0.001693
385.000000 0.000602
386.000000 0.003367
387.000000 0.002939
388.000000 0.002024
389.000000 0.000869
390.000000 0.002744
391.000000 0.002257
392.000000 0.001371
393.000000 0.004813
394.000000 0.004753
395.000000 0.003214
396.000000 0.001090
397.000000 0.000072
398.000000 0.002740
399.000000 0.001723
400.000000 0.000621
401.000000 0.003548
402.000000 0.003050
403.000000 0.002078
404.000000 0.001167
405.000000 0.002614
406.000000 0.002775
407.000000 0.002281
408.000000 0.005943
409.000000 0.006374
410.000000 0.004258
411.000000 0.001624
412.000000 0.000702
413.000000 0.000007
414.000000 0.002617
415.000000 0.001613
416.000000 0.000551
417.000000 0.003222
418.000000 0.002810
419.000000 0.001930
420.000000 0.000809
421.000000 0.002605
422.000000 0.002163
423.000000 0.001341
424.000000 0.004653
425.000000 0.004601
426.000000 0.003119
427.000000 0.001067
428.000000 0.000107
429.000000 0.002716
430.000000 0.001692
431.000000 0.000670
432.000000 0.003601
433.000000 0.003053
434.000000 0.002079
435.000000 0.001505
436.000000 0.002473
437.000000 0.003223
438.000000 0.003116
439.000000 0.006835
440.000000 0.007706
441.000000 0.005086
442.000000 0.002076
443.000000 0.000895
444.000000 0.000631
445.000000 0.000015
446.000000 0.002456
447.000000 0.001490
448.000000 0.000523
449.000000 0.002971
450.000000 0.002592
451.000000 0.001784
452.000000 0.000762
453.000000 0.002416
454.000000 0.001994
455.000000 0.001221
456.000000 0.004265
457.000000 0.004214
458.000000 0.002852
459.000000 0.000969
460.000000 0.000073
461.000000 0.002446
462.000000 0.001535
463.000000 0.000563
464.000000 0.003182
465.000000 0.002731
466.000000 0.001864
467.000000 0.001064
468.000000 0.002351
469.000000 0.002506
470.000000 0.002083
471.000000 0.005388
472.000000 0.005779
473.000000 0.003864
474.000000 0.001477
475.000000 0.000632
476.000000 0.000018
477.000000 0.002406
478.000000 0.001476
479.000000 0.000520
480.000000 0.002989
481.000000 0.002596
482.000000 0.001790
483.000000 0.000783
484.000000 0.002435
485.000000 0.002028
486.000000 0.001312
487.000000 0.004424
488.000000 0.004367
489.000000 0.002970
490.000000 0.001030
491.000000 0.000167
492.000000 0.002671
493.000000 0.001634
494.000000 0.000757
495.000000 0.003666
496.000000 0.003035
497.000000 0.002059
498.000000 0.002054
499.000000 0.002200
500.000000 0.003954
501.000000 0.004476
502.000000 0.008188
503.000000 0.009780
504.000000 0.006345
505.000000 0.002784
506.000000 0.001263
507.000000 0.000608
508.000000 0.000323
509.000000 0.000165
510.000000 0.000017
511.000000 0.002131
512.000000 0.001279
513.000000 0.000460
514.000000 0.002553
515.000000 0.002226
516.000000 0.001535
517.000000 0.000666
518.000000 0.002085
519.000000 0.001714
520.000000 0.001049
521.000000 0.003663
522.000000 0.003616
523.000000 0.002446
524.000000 0.000830
525.000000 0.000060
526.000000 0.002091
527.000000 0.001313
528.000000 0.000478
529.000000 0.002712
530.000000 0.002329
531.000000 0.001588
532.000000 0.000898
533.000000 0.002000
534.000000 0.002125
535.000000 0.001753
536.000000 0.004556
537.000000 0.004886
538.000000 0.003264
539.000000 0.001245
540.000000 0.000537
541.000000 0.000006
542.000000 0.002013
543.000000 0.001239
544.000000 0.000426
545.000000 0.002481
546.000000 0.002163
547.000000 0.001486
548.000000 0.000627
549.000000 0.002008
550.000000 0.001668
551.000000 0.001039
552.000000 0.003593
553.000000 0.003551
554.000000 0.002408
555.000000 0.000824
556.000000 0.000086
557.000000 0.002101
558.000000 0.001308
559.000000 0.000522
560.000000 0.002789
561.000000 0.002364
562.000000 0.001610
563.000000 0.001170
564.000000 0.001916
565.000000 0.002499
566.000000 0.002421
567.000000 0.005304
568.000000 0.005980
569.000000 0.003947
570.000000 0.001611
571.000000 0.000694
572.000000 0.000490
573.000000 0.000010
574.000000 0.001910
575.000000 0.001158
576.000000 0.000408
577.000000 0.002313
578.000000 0.002016
579.000000 0.001388
580.000000 0.000594
581.000000 0.001881
582.000000 0.001552
583.000000 0.000952
584.000000 0.003323
585.000000 0.003282
586.000000 0.002222
587.000000 0.000755
588.000000 0.000057
589.000000 0.001906
590.000000 0.001196
591.000000 0.000439
592.000000 0.002480
593.000000 0.002128
594.000000 0.001452
595.000000 0.000828
596.000000 0.001832
597.000000 0.001951
598.000000 0.001620
599.000000 0.004193
600.000000 0.004498
601.000000 0.003007
602.000000 0.001149
603.000000 0.000492
604.000000 0.000011
605.000000 0.001867
606.000000 0.001147
607.000000 0.000401
608.000000 0.002315
609.000000 0.002013
610.000000 0.001386
611.000000 0.000598
612.000000 0.001881
613.000000 0.001565
614.000000 0.000998
615.000000 0.003398
616.000000 0.003356
617.000000 0.002280
618.000000 0.000786
619.000000 0.000108
620.000000 0.002025
621.000000 0.001248
622.000000 0.000542
623.000000 0.002739
624.000000 0.002292
625.000000 0.001558
626.000000 0.001359
627.000000 0.001756
628.000000 0.002725
629.000000 0.002904
630.000000 0.005712
631.000000 0.006661
632.000000 0.004355
633.000000 0.001856
634.000000 0.000820
635.000000 0.000464
636.000000 0.000260
637.000000 0.000010
638.000000 0.001734
639.000000 0.001042
640.000000 0.000374
641.000000 0.002085
642.000000 0.001816
643.000000 0.001253
644.000000 0.000545
645.000000 0.001702
646.000000 0.001401
647.000000 0.000861
648.000000 0.002998
649.000000 0.002959
650.000000 0.002002
651.000000 0.000680
652.000000 0.000052
653.000000 0.001716
654.000000 0.001077
655.000000 0.000395
656.000000 0.002229
657.000000 0.001913
658.000000 0.001305
659.000000 0.000741
660.000000 0.001645
661.000000 0.001750
662.000000 0.001449
663.000000 0.003756
664.000000 0.004028
665.000000 0.002692
666.000000 0.001027
667.000000 0.000442
668.000000 0.000007
669.000000 0.001664
670.000000 0.001024
671.000000 0.000354
672.000000 0.002055
673.000000 0.001790
674.000000 0.001231
675.000000 0.000522
676.000000 0.001665
677.000000 0.001383
678.000000 0.000866
679.000000 0.002985
680.000000 0.002949
681.000000 0.002001
682.000000 0.000685
683.000000 0.000075
684.000000 0.001750
685.000000 0.001088
686.000000 0.000437
687.000000 0.002327
688.000000 0.001970
689.000000 0.001343
690.000000 0.000980
691.000000 0.001599
692.000000 0.002089
693.000000 0.002029
694.000000 0.004438
695.000000 0.005004
696.000000 0.003303
697.000000 0.001349
698.000000 0.000580
699.000000 0.000410
700.000000 0.000006
701.000000 0.001604
702.000000 0.000971
703.000000 0.000344
704.000000 0.001946
705.000000 0.001695
706.000000 0.001168
707.000000 0.000503
708.000000 0.001584
709.000000 0.001308
710.000000 0.000807
711.000000 0.002805
712.000000 0.002770
713.000000 0.001876
714.000000 0.000637
715.000000 0.000052
716.000000 0.001614
717.000000 0.001012
718.000000 0.000375
719.000000 0.002104
720.000000 0.001804
721.000000 0.001232
722.000000 0.000708
723.000000 0.001556
724.000000 0.001659
725.000000 0.001385
726.000000 0.003573
727.000000 0.003832
728.000000 0.002562
729.000000 0.000980
730.000000 0.000418
731.000000 0.000014
732.000000 0.001599
733.000000 0.000981
734.000000 0.000347
735.000000 0.001989
736.000000 0.001727
737.000000 0.001191
738.000000 0.000521
739.000000 0.001620
740.000000 0.001349
741.000000 0.000872
742.000000 0.002942
743.000000 0.002903
744.000000 0.001974
745.000000 0.000683
746.000000 0.000107
747.000000 0.001770
748.000000 0.001086
749.000000 0.000492
750.000000 0.002417
751.000000 0.002009
752.000000 0.001365
753.000000 0.001287
754.000000 0.001497
755.000000 0.002516
756.000000 0.002780
757.000000 0.005243
758.000000 0.006195
759.000000 0.004033
760.000000 0.001747
761.000000 0.000781
762.000000 0.000405
763.000000 0.000221
764.000000 0.000114
765.000000 0.000008
766.000000 0.001475
767.000000 0.000886
768.000000 0.000319
769.000000 0.001775
770.000000 0.001546
771.000000 0.001066
772.000000 0.000465
773.000000 0.001450
774.000000 0.001193
775.000000 0.000735
776.000000 0.002555
777.000000 0.002522
778.000000 0.001707
779.000000 0.000579
780.000000 0.000045
781.000000 0.001465
782.000000 0.000919
783.000000 0.000338
784.000000 0.001904
785.000000 0.001634
786.000000 0.001114
787.000000 0.000635
788.000000 0.001405
789.000000 0.001495
790.000000 0.001240
791.000000 0.003212
792.000000 0.003444
793.000000 0.002302
794.000000 0.000879
795.000000 0.000377
796.000000 0.000007
797.000000 0.001425
798.000000 0.000876
799.000000 0.000304
800.000000 0.001761
801.000000 0.001533
802.000000 0.001054
803.000000 0.000448
804.000000 0.001427
805.000000 0.001186
806.000000 0.000744
807.000000 0.002560
808.000000 0.002530
809.000000 0.001716
810.000000 0.000588
811.000000 0.000065
812.000000 0.001503
813.000000 0.000934
814.000000 0.000376
815.000000 0.001999
816.000000 0.001692
817.000000 0.001153
818.000000 0.000843
819.000000 0.001374
820.000000 0.001796
821.000000 0.001746
822.000000 0.003816
823.000000 0.004302
824.000000 0.002840
825.000000 0.001160
826.000000 0.000498
827.000000 0.000353
828.000000 0.000005
829.000000 0.001381
830.000000 0.000836
831.000000 0.000296
832.000000 0.001675
833.000000 0.001459
834.000000 0.001005
835.000000 0.000433
836.000000 0.001364
837.000000 0.001126
838.000000 0.000696
839.000000 0.002416
840.000000 0.002386
841.000000 0.001616
842.000000 0.000549
843.000000 0.000045
844.000000 0.001391
845.000000 0.000872
846.000000 0.000323
847.000000 0.001813
848.000000 0.001554
849.000000 0.001061
850.000000 0.000609
851.000000 0.001340
852.000000 0.001429
853.000000 0.001192
854.000000 0.003077
855.000000 0.003300
856.000000 0.002206
857.000000 0.000843
858.000000 0.000360
859.000000 0.000011
860.000000 0.001376
861.000000 0.000844
862.000000 0.000297
863.000000 0.001708
864.000000 0.001484
865.000000 0.001023
866.000000 0.000444
867.000000 0.001390
868.000000 0.001157
869.000000 0.000742
870.000000 0.002517
871.000000 0.002485
872.000000 0.001689
873.000000 0.000583
874.000000 0.000083
875.000000 0.001505
876.000000 0.000927
877.000000 0.000406
878.000000 0.002040
879.000000 0.001705
880.000000 0.001160
881.000000 0.001017
882.000000 0.001307
883.000000 0.002034
884.000000 0.002174
885.000000 0.004268
886.000000 0.004977
887.000000 0.003254
888.000000 0.001387
889.000000 0.000612
890.000000 0.000347
891.000000 0.000194
892.000000 0.000005
893.000000 0.001302
894.000000 0.000782
895.000000 0.000283
896.000000 0.001569
897.000000 0.001366
898.000000 0.000942
899.000000 0.000412
900.000000 0.001283
901.000000 0.001056
902.000000 0.000653
903.000000 0.002264
904.000000 0.002234
905.000000 0.001513
906.000000 0.000514
907.000000 0.000042
908.000000 0.001300
909.000000 0.000815
910.000000 0.000301
911.000000 0.001693
912.000000 0.001451
913.000000 0.000991
914.000000 0.000567
915.000000 0.001250
916.000000 0.001331
917.000000 0.001107
918.000000 0.002862
919.000000 0.003069
920.000000 0.002052
921.000000 0.000783
922.000000 0.000336
923.000000 0.000008
924.000000 0.001274
925.000000 0.000782
926.000000 0.000273
927.000000 0.001576
928.000000 0.001371
929.000000 0.000944
930.000000 0.000403
931.000000 0.001279
932.000000 0.001062
933.000000 0.000670
934.000000 0.002298
935.000000 0.002270
936.000000 0.001541
937.000000 0.000528
938.000000 0.000061
939.000000 0.001352
940.000000 0.000840
941.000000 0.000341
942.000000 0.001802
943.000000 0.001524
944.000000 0.001039
945.000000 0.000765
946.000000 0.001239
947.000000 0.001623
948.000000 0.001583
949.000000 0.003451
950.000000 0.003892
951.000000 0.002569
952.000000 0.001050
953.000000 0.000450
954.000000 0.000319
955.000000 0.000003
956.000000 0.001255
957.000000 0.000759
958.000000 0.000271
959.000000 0.001527
960.000000 0.001328
961.000000 0.000916
962.000000 0.000398
963.000000 0.001245
964.000000 0.001028
965.000000 0.000641
966.000000 0.002213
967.000000 0.002184
968.000000 0.001480
969.000000 0.000504
970.000000 0.000046
971.000000 0.001280
972.000000 0.000801
973.000000 0.000302
974.000000 0.001675
975.000000 0.001434
976.000000 0.000980
977.000000 0.000571
978.000000 0.001241
979.000000 0.001327
980.000000 0.001119
981.000000 0.002867
982.000000 0.003075
983.000000 0.002057
984.000000 0.000788
985.000000 0.000333
986.000000 0.000019
987.000000 0.001297
988.000000 0.000793
989.000000 0.000288
990.000000 0.001625
991.000000 0.001406
992.000000 0.000972
993.000000 0.000439
994.000000 0.001331
995.000000 0.001110
996.000000 0.000740
997.000000 0.002446
998.000000 0.002411
999.000000 0.001643
1000.000000 0.000574
1001.000000 0.000115
1002.000000 0.001506
1003.000000 0.000912
1004.000000 0.000458
1005.000000 0.002104
1006.000000 0.001722
1007.000000 0.001167
1008.000000 0.001312
1009.000000 0.001186
1010.000000 0.002440
1011.000000 0.002898
1012.000000 0.005009
1013.000000 0.006096
1014.000000 0.003932
1015.000000 0.001765
1016.000000 0.000815
1017.000000 0.000349
1018.000000 0.000176
1019.000000 0.000089
1020.000000 0.000022
1021.000000 0.000005
1022.000000 0.001157
1023.000000 0.000692
1024.000000 0.000252
1025.000000 0.001390
1026.000000 0.001210
1027.000000 0.000835
1028.000000 0.000368
1029.000000 0.001138
1030.000000 0.000936
1031.000000 0.000580
1032.000000 0.002008
1033.000000 0.001981
1034.000000 0.001341
1035.000000 0.000455
1036.000000 0.000038
1037.000000 0.001153
1038.000000 0.000722
1039.000000 0.000267
1040.000000 0.001500
1041.000000 0.001286
1042.000000 0.000878
1043.000000 0.000502
1044.000000 0.001108
1045.000000 0.001179
1046.000000 0.000981
1047.000000 0.002536
1048.000000 0.002719
1049.000000 0.001817
1050.000000 0.000694
1051.000000 0.000297
1052.000000 0.000007
1053.000000 0.001128
1054.000000 0.000693
1055.000000 0.000241
1056.000000 0.001395
1057.000000 0.001214
1058.000000 0.000835
1059.000000 0.000356
1060.000000 0.001131
1061.000000 0.000940
1062.000000 0.000592
1063.000000 0.002032
1064.000000 0.002007
1065.000000 0.001362
1066.000000 0.000467
1067.000000 0.000053
1068.000000 0.001194
1069.000000 0.000742
1070.000000 0.000301
1071.000000 0.001591
1072.000000 0.001345
1073.000000 0.000917
1074.000000 0.000673
1075.000000 0.001093
1076.000000 0.001431
1077.000000 0.001393
1078.000000 0.003042
1079.000000 0.003429
1080.000000 0.002264
1081.000000 0.000925
1082.000000 0.000397
1083.000000 0.000281
1084.000000 0.000003
1085.000000 0.001103
1086.000000 0.000667
1087.000000 0.000238
1088.000000 0.001340
1089.000000 0.001166
1090.000000 0.000804
1091.000000 0.000348
1092.000000 0.001092
1093.000000 0.000901
1094.000000 0.000559
1095.000000 0.001936
1096.000000 0.001911
1097.000000 0.001295
1098.000000 0.000440
1099.000000 0.000037
1100.000000 0.001116
1101.000000 0.000699
1102.000000 0.000260
1103.000000 0.001456
1104.000000 0.001248
1105.000000 0.000852
1106.000000 0.000491
1107.000000 0.001077
1108.000000 0.001149
1109.000000 0.000960
1110.000000 0.002475
1111.000000 0.002654
1112.000000 0.001775
1113.000000 0.000679
1114.000000 0.000289
1115.000000 0.000010
1116.000000 0.001109
1117.000000 0.000680
1118.000000 0.000240
1119.000000 0.001378
1120.000000 0.001197
1121.000000 0.000825
1122.000000 0.000359
1123.000000 0.001122
1124.000000 0.000934
1125.000000 0.000601
1126.000000 0.002033
1127.000000 0.002007
1128.000000 0.001365
1129.000000 0.000471
1130.000000 0.000069
1131.000000 0.001217
1132.000000 0.000749
1133.000000 0.000329
1134.000000 0.001651
1135.000000 0.001379
1136.000000 0.000939
1137.000000 0.000826
1138.000000 0.001058
1139.000000 0.001648
1140.000000 0.001764
1141.000000 0.003460
1142.000000 0.004035
1143.000000 0.002638
1144.000000 0.001125
1145.000000 0.000495
1146.000000 0.000281
1147.000000 0.000158
1148.000000 0.000004
1149.000000 0.001058
1150.000000 0.000635
1151.000000 0.000230
1152.000000 0.001275
1153.000000 0.001110
1154.000000 0.000766
1155.000000 0.000336
1156.000000 0.001043
1157.000000 0.000858
1158.000000 0.000532
1159.000000 0.001843
1160.000000 0.001818
1161.000000 0.001231
1162.000000 0.000418
1163.000000 0.000035
1164.000000 0.001059
1165.000000 0.000664
1166.000000 0.000246
1167.000000 0.001380
1168.000000 0.001182
1169.000000 0.000807
1170.000000 0.000463
1171.000000 0.001019
1172.000000 0.001086
1173.000000 0.000904
1174.000000 0.002335
1175.000000 0.002504
1176.000000 0.001674
1177.000000 0.000639
1178.000000 0.000274
1179.000000 0.000007
1180.000000 0.001040
1181.000000 0.000639
1182.000000 0.000223
1183.000000 0.001288
1184.000000 0.001120
1185.000000 0.000771
1186.000000 0.000330
1187.000000 0.001045
1188.000000 0.000868
1189.000000 0.000548
1190.000000 0.001878
1191.000000 0.001855
1192.000000 0.001259
1193.000000 0.000432
1194.000000 0.000050
1195.000000 0.001106
1196.000000 0.000686
1197.000000 0.000279
1198.000000 0.001473
1199.000000 0.001246
1200.000000 0.000850
1201.000000 0.000625
1202.000000 0.001013
1203.000000 0.001327
1204.000000 0.001294
1205.000000 0.002822
1206.000000 0.003182
1207.000000 0.002101
1208.000000 0.000858
1209.000000 0.000368
1210.000000 0.000261
1211.000000 0.000003
1212.000000 0.001026
1213.000000 0.000620
1214.000000 0.000221
1215.000000 0.001247
1216.000000 0.001085
1217.000000 0.000748
1218.000000 0.000325
1219.000000 0.001017
1220.000000 0.000840
1221.000000 0.000522
1222.000000 0.001805
1223.000000 0.001782
1224.000000 0.001207
1225.000000 0.000411
1226.000000 0.000036
1227.000000 0.001043
1228.000000 0.000653
1229.000000 0.000245
1230.000000 0.001362
1231.000000 0.001167
1232.000000 0.000797
1233.000000 0.000462
1234.000000 0.001008
1235.000000 0.001077
1236.000000 0.000903
1237.000000 0.002323
1238.000000 0.002491
1239.000000 0.001666
1240.000000 0.000637
1241.000000 0.000271
1242.000000 0.000012
1243.000000 0.001044
1244.000000 0.000639
1245.000000 0.000228
1246.000000 0.001302
1247.000000 0.001129
1248.000000 0.000779
1249.000000 0.000343
1250.000000 0.001062
1251.000000 0.000884
1252.000000 0.000576
1253.000000 0.001933
1254.000000 0.001907
1255.000000 0.001297
1256.000000 0.000449
1257.000000 0.000073
1258.000000 0.001167
1259.000000 0.000715
1260.000000 0.000327
1261.000000 0.001597
1262.000000 0.001326
1263.000000 0.000902
1264.000000 0.000855
1265.000000 0.000989
1266.000000 0.001667
1267.000000 0.001847
1268.000000 0.003477
1269.000000 0.004110
1270.000000 0.002676
1271.000000 0.001160
1272.000000 0.000517
1273.000000 0.000269
1274.000000 0.000147
1275.000000 0.000076
1276.000000 0.000003
1277.000000 0.000984
1278.000000 0.000591
1279.000000 0.000214
1280.000000 0.001187
1281.000000 0.001033
1282.000000 0.000713
1283.000000 0.000313
1284.000000 0.000971
1285.000000 0.000799
1286.000000 0.000496
1287.000000 0.001715
1288.000000 0.001692
1289.000000 0.001146
1290.000000 0.000389
1291.000000 0.000033
1292.000000 0.000986
1293.000000 0.000618
1294.000000 0.000229
1295.000000 0.001285
1296.000000 0.001101
1297.000000 0.000752
1298.000000 0.000431
1299.000000 0.000949
1300.000000 0.001011
1301.000000 0.000842
1302.000000 0.002175
1303.000000 0.002332
1304.000000 0.001559
1305.000000 0.000595
1306.000000 0.000255
1307.000000 0.000006
1308.000000 0.000969
1309.000000 0.000595
1310.000000 0.000208
1311.000000 0.001200
1312.000000 0.001043
1313.000000 0.000718
1314.000000 0.000307
1315.000000 0.000974
1316.000000 0.000809
1317.000000 0.000511
1318.000000 0.001750
1319.000000 0.001729
1320.000000 0.001174
1321.000000 0.000402
1322.000000 0.000047
1323.000000 0.001030
1324.000000 0.000640
1325.000000 0.000260
1326.000000 0.001373
1327.000000 0.001161
1328.000000 0.000792
1329.000000 0.000583
1330.000000 0.000944
1331.000000 0.001237
1332.000000 0.001206
1333.000000 0.002630
1334.000000 0.002965
1335.000000 0.001958
1336.000000 0.000800
1337.000000 0.000343
1338.000000 0.000243
1339.000000 0.000003
1340.000000 0.000956
1341.000000 0.000578
1342.000000 0.000206
1343.000000 0.001162
1344.000000 0.001011
1345.000000 0.000697
1346.000000 0.000302
1347.000000 0.000947
1348.000000 0.000782
1349.000000 0.000486
1350.000000 0.001681
1351.000000 0.001659
1352.000000 0.001124
1353.000000 0.000382
1354.000000 0.000033
1355.000000 0.000970
1356.000000 0.000608
1357.000000 0.000227
1358.000000 0.001267
1359.000000 0.001086
1360.000000 0.000742
1361.000000 0.000428
1362.000000 0.000938
1363.000000 0.001001
1364.000000 0.000838
1365.000000 0.002158
1366.000000 0.002314
1367.000000 0.001547
1368.000000 0.000592
1369.000000 0.000252
1370.000000 0.000010
1371.000000 0.000968
1372.000000 0.000593
1373.000000 0.000210
1374.000000 0.001204
1375.000000 0.001045
1376.000000 0.000721
1377.000000 0.000315
1378.000000 0.000981
1379.000000 0.000817
1380.000000 0.000527
1381.000000 0.001780
1382.000000 0.001757
1383.000000 0.001194
1384.000000 0.000412
1385.000000 0.000061
1386.000000 0.001067
1387.000000 0.000656
1388.000000 0.000290
1389.000000 0.001448
1390.000000 0.001209
1391.000000 0.000823
1392.000000 0.000726
1393.000000 0.000928
1394.000000 0.001447
1395.000000 0.001551
1396.000000 0.003039
1397.000000 0.003545
1398.000000 0.002318
1399.000000 0.000989
1400.000000 0.000435
1401.000000 0.000247
1402.000000 0.000138
1403.000000 0.000003
1404.000000 0.000931
1405.000000 0.000558
1406.000000 0.000203
1407.000000 0.001124
1408.000000 0.000977
1409.000000 0.000675
1410.000000 0.000297
1411.000000 0.000919
1412.000000 0.000757
1413.000000 0.000471
1414.000000 0.001626
1415.000000 0.001604
1416.000000 0.001086
1417.000000 0.000369
1418.000000 0.000032
1419.000000 0.000936
1420.000000 0.000586
1421.000000 0.000218
1422.000000 0.001220
1423.000000 0.001046
1424.000000 0.000714
1425.000000 0.000410
1426.000000 0.000902
1427.000000 0.000961
1428.000000 0.000802
1429.000000 0.002069
1430.000000 0.002218
1431.000000 0.001483
1432.000000 0.000566
1433.000000 0.000242
1434.000000 0.000007
1435.000000 0.000923
1436.000000 0.000566
1437.000000 0.000199
1438.000000 0.001144
1439.000000 0.000994
1440.000000 0.000685
1441.000000 0.000294
1442.000000 0.000929
1443.000000 0.000772
1444.000000 0.000488
1445.000000 0.001671
1446.000000 0.001650
1447.000000 0.001121
1448.000000 0.000384
1449.000000 0.000046
1450.000000 0.000985
1451.000000 0.000611
1452.000000 0.000250
1453.000000 0.001314
1454.000000 0.001111
1455.000000 0.000758
1456.000000 0.000559
1457.000000 0.000904
1458.000000 0.001185
1459.000000 0.001158
1460.000000 0.002522
1461.000000 0.002844
1462.000000 0.001878
1463.000000 0.000767
1464.000000 0.000328
1465.000000 0.000233
1466.000000 0.000003
1467.000000 0.000919
1468.000000 0.000555
1469.000000 0.000199
1470.000000 0.001119
1471.000000 0.000973
1472.000000 0.000671
1473.000000 0.000292
1474.000000 0.000913
1475.000000 0.000754
1476.000000 0.000471
1477.000000 0.001623
1478.000000 0.001602
1479.000000 0.001086
1480.000000 0.000369
1481.000000 0.000034
1482.000000 0.000940
1483.000000 0.000588
1484.000000 0.000222
1485.000000 0.001229
1486.000000 0.001052
1487.000000 0.000719
1488.000000 0.000419
1489.000000 0.000911
1490.000000 0.000974
1491.000000 0.000820
1492.000000 0.002102
1493.000000 0.002255
1494.000000 0.001508
1495.000000 0.000577
1496.000000 0.000245
1497.000000 0.000013
1498.000000 0.000949
1499.000000 0.000580
1500.000000 0.000209
1501.000000 0.001186
1502.000000 0.001027
1503.000000 0.000710
1504.000000 0.000316
1505.000000 0.000970
1506.000000 0.000808
1507.000000 0.000532
1508.000000 0.001773
1509.000000 0.001749
1510.000000 0.001190
1511.000000 0.000414
1512.000000 0.000074
1513.000000 0.001080
1514.000000 0.000658
1515.000000 0.000313
1516.000000 0.001490
1517.000000 0.001230
1518.000000 0.000836
1519.000000 0.000847
1520.000000 0.000893
1521.000000 0.001619
1522.000000 0.001845
1523.000000 0.003358
1524.000000 0.004013
1525.000000 0.002604
1526.000000 0.001144
1527.000000 0.000517
1528.000000 0.000249
1529.000000 0.000133
1530.000000 0.000068
1531.000000 0.000003
1532.000000 0.000888
1533.000000 0.000531
1534.000000 0.000194
1535.000000 0.001069
1536.000000 0.000930
1537.000000 0.000642
1538.000000 0.000284
1539.000000 0.000876
1540.000000 0.000720
1541.000000 0.000448
1542.000000 0.001548
1543.000000 0.001527
1544.000000 0.001034
1545.000000 0.000351
1546.000000 0.000030
1547.000000 0.000891
1548.000000 0.000558
1549.000000 0.000208
1550.000000 0.001161
1551.000000 0.000995
1552.000000 0.000679
1553.000000 0.000390
1554.000000 0.000858
1555.000000 0.000914
1556.000000 0.000763
1557.000000 0.001968
1558.000000 0.002110
1559.000000 0.001410
1560.000000 0.000539
1561.000000 0.000230
1562.000000 0.000006
1563.000000 0.000878
1564.000000 0.000539
1565.000000 0.000189
1566.000000 0.001087
1567.000000 0.000945
1568.000000 0.000651
1569.000000 0.000279
1570.000000 0.000883
1571.000000 0.000733
1572.000000 0.000464
1573.000000 0.001588
1574.000000 0.001568
1575.000000 0.001065
1576.000000 0.000365
1577.000000 0.000043
1578.000000 0.000936
1579.000000 0.000581
1580.000000 0.000237
1581.000000 0.001248
1582.000000 0.001055
1583.000000 0.000720
1584.000000 0.000531
1585.000000 0.000858
1586.000000 0.001125
1587.000000 0.001098
1588.000000 0.002393
1589.000000 0.002698
1590.000000 0.001781
1591.000000 0.000728
1592.000000 0.000312
1593.000000 0.000221
1594.000000 0.000002
1595.000000 0.000871
1596.000000 0.000526
1597.000000 0.000188
1598.000000 0.001059
1599.000000 0.000921
1600.000000 0.000636
1601.000000 0.000276
1602.000000 0.000864
1603.000000 0.000713
1604.000000 0.000444
1605.000000 0.001534
1606.000000 0.001514
1607.000000 0.001026
1608.000000 0.000349
1609.000000 0.000031
1610.000000 0.000886
1611.000000 0.000555
1612.000000 0.000208
1613.000000 0.001158
1614.000000 0.000992
1615.000000 0.000678
1616.000000 0.000392
1617.000000 0.000857
1618.000000 0.000915
1619.000000 0.000767
1620.000000 0.001974
1621.000000 0.002117
1622.000000 0.001416
1623.000000 0.000541
1624.000000 0.000230
1625.000000 0.000009
1626.000000 0.000887
1627.000000 0.000543
1628.000000 0.000193
1629.000000 0.001104
1630.000000 0.000958
1631.000000 0.000661
1632.000000 0.000289
1633.000000 0.000900
1634.000000 0.000749
1635.000000 0.000484
1636.000000 0.001633
1637.000000 0.001611
1638.000000 0.001096
1639.000000 0.000378
1640.000000 0.000057
1641.000000 0.000979
1642.000000 0.000602
1643.000000 0.000267
1644.000000 0.001331
1645.000000 0.001111
1646.000000 0.000756
1647.000000 0.000668
1648.000000 0.000853
1649.000000 0.001331
1650.000000 0.001427
1651.000000 0.002795
1652.000000 0.003260
1653.000000 0.002132
1654.000000 0.000909
1655.000000 0.000400
1656.000000 0.000227
1657.000000 0.000127
1658.000000 0.000002
1659.000000 0.000858
1660.000000 0.000514
1661.000000 0.000187
1662.000000 0.001036
1663.000000 0.000900
1664.000000 0.000622
1665.000000 0.000274
1666.000000 0.000847
1667.000000 0.000698
1668.000000 0.000435
1669.000000 0.001500
1670.000000 0.001479
1671.000000 0.001002
1672.000000 0.000340
1673.000000 0.000030
1674.000000 0.000864
1675.000000 0.000541
1676.000000 0.000202
1677.000000 0.001127
1678.000000 0.000965
1679.000000 0.000659
1680.000000 0.000380
1681.000000 0.000833
1682.000000 0.000888
1683.000000 0.000742
1684.000000 0.001912
1685.000000 0.002050
1686.000000 0.001371
1687.000000 0.000524
1688.000000 0.000224
1689.000000 0.000007
1690.000000 0.000854
1691.000000 0.000524
1692.000000 0.000184
1693.000000 0.001059
1694.000000 0.000920
1695.000000 0.000634
1696.000000 0.000272
1697.000000 0.000860
1698.000000 0.000714
1699.000000 0.000453
1700.000000 0.001548
1701.000000 0.001528
1702.000000 0.001038
1703.000000 0.000356
1704.000000 0.000043
1705.000000 0.000913
1706.000000 0.000566
1707.000000 0.000232
1708.000000 0.001218
1709.000000 0.001030
1710.000000 0.000703
1711.000000 0.000519
1712.000000 0.000838
1713.000000 0.001099
1714.000000 0.001074
1715.000000 0.002339
1716.000000 0.002638
1717.000000 0.001742
1718.000000 0.000712
1719.000000 0.000304
1720.000000 0.000216
1721.000000 0.000003
1722.000000 0.000853
1723.000000 0.000515
1724.000000 0.000185
1725.000000 0.001039
1726.000000 0.000903
1727.000000 0.000623
1728.000000 0.000272
1729.000000 0.000847
1730.000000 0.000700
1731.000000 0.000437
1732.000000 0.001507
1733.000000 0.001487
1734.000000 0.001008
1735.000000 0.000343
1736.000000 0.000031
1737.000000 0.000872
1738.000000 0.000545
1739.000000 0.000206
1740.000000 0.001141
1741.000000 0.000976
1742.000000 0.000668
1743.000000 0.000388
1744.000000 0.000845
1745.000000 0.000903
1746.000000 0.000760
1747.000000 0.001950
1748.000000 0.002091
1749.000000 0.001399
1750.000000 0.000535
1751.000000 0.000227
1752.000000 0.000011
1753.000000 0.000879
1754.000000 0.000538
1755.000000 0.000193
1756.000000 0.001097
1757.000000 0.000951
1758.000000 0.000656
1759.000000 0.000291
1760.000000 0.000896
1761.000000 0.000746
1762.000000 0.000488
1763.000000 0.001633
1764.000000 0.001611
1765.000000 0.001096
1766.000000 0.000380
1767.000000 0.000063
1768.000000 0.000988
1769.000000 0.000605
1770.000000 0.000278
1771.000000 0.001354
1772.000000 0.001123
1773.000000 0.000764
1774.000000 0.000728
1775.000000 0.000838
1776.000000 0.001416
1777.000000 0.001571
1778.000000 0.002954
1779.000000 0.003491
1780.000000 0.002273
1781.000000 0.000985
1782.000000 0.000439
1783.000000 0.000228
1784.000000 0.000125
1785.000000 0.000064
1786.000000 0.000002
1787.000000 0.000839
1788.000000 0.000503
1789.000000 0.000183
1790.000000 0.001014
1791.000000 0.000881
1792.000000 0.000609
1793.000000 0.000268
1794.000000 0.000829
1795.000000 0.000683
1796.000000 0.000425
1797.000000 0.001468
1798.000000 0.001448
1799.000000 0.000981
1800.000000 0.000333
1801.000000 0.000029
1802.000000 0.000846
1803.000000 0.000529
1804.000000 0.000198
1805.000000 0.001103
1806.000000 0.000945
1807.000000 0.000646
1808.000000 0.000372
1809.000000 0.000816
1810.000000 0.000870
1811.000000 0.000726
1812.000000 0.001872
1813.000000 0.002007
1814.000000 0.001342
1815.000000 0.000513
1816.000000 0.000219
1817.000000 0.000007
1818.000000 0.000836
1819.000000 0.000513
1820.000000 0.000180
1821.000000 0.001037
1822.000000 0.000901
1823.000000 0.000620
1824.000000 0.000267
1825.000000 0.000842
1826.000000 0.000700
1827.000000 0.000444
1828.000000 0.001516
1829.000000 0.001497
1830.000000 0.001016
1831.000000 0.000348
1832.000000 0.000042
1833.000000 0.000894
1834.000000 0.000555
1835.000000 0.000227
1836.000000 0.001193
1837.000000 0.001008
1838.000000 0.000688
1839.000000 0.000508
1840.000000 0.000821
1841.000000 0.001076
1842.000000 0.001052
1843.000000 0.002291
1844.000000 0.002583
1845.000000 0.001706
1846.000000 0.000697
1847.000000 0.000298
1848.000000 0.000212
1849.000000 0.000003
1850.000000 0.000835
1851.000000 0.000505
1852.000000 0.000181
1853.000000 0.001017
1854.000000 0.000884
1855.000000 0.000610
1856.000000 0.000266
1857.000000 0.000829
1858.000000 0.000685
1859.000000 0.000427
1860.000000 0.001474
1861.000000 0.001455
1862.000000 0.000986
1863.000000 0.000335
1864.000000 0.000030
1865.000000 0.000853
1866.000000 0.000534
1867.000000 0.000201
1868.000000 0.001115
1869.000000 0.000955
1870.000000 0.000653
1871.000000 0.000379
1872.000000 0.000826
1873.000000 0.000882
1874.000000 0.000741
1875.000000 0.001903
1876.000000 0.002041
1877.000000 0.001365
1878.000000 0.000522
1879.000000 0.000222
1880.000000 0.000010
1881.000000 0.000856
1882.000000 0.000524
1883.000000 0.000187
1884.000000 0.001066
1885.000000 0.000925
1886.000000 0.000638
1887.000000 0.000280
1888.000000 0.000870
1889.000000 0.000724
1890.000000 0.000469
1891.000000 0.001580
1892.000000 0.001559
1893.000000 0.001060
1894.000000 0.000366
1895.000000 0.000056
1896.000000 0.000949
1897.000000 0.000583
1898.000000 0.000259
1899.000000 0.001290
1900.000000 0.001077
1901.000000 0.000733
1902.000000 0.000649
1903.000000 0.000827
1904.000000 0.001292
1905.000000 0.001387
1906.000000 0.002714
1907.000000 0.003166
1908.000000 0.002070
1909.000000 0.000883
1910.000000 0.000388
1911.000000 0.000220
1912.000000 0.000124
1913.000000 0.000002
1914.000000 0.000835
1915.000000 0.000500
1916.000000 0.000182
1917.000000 0.001009
1918.000000 0.000877
1919.000000 0.000606
1920.000000 0.000268
1921.000000 0.000826
1922.000000 0.000680
1923.000000 0.000425
1924.000000 0.001464
1925.000000 0.001444
1926.000000 0.000978
1927.000000 0.000332
1928.000000 0.000030
1929.000000 0.000845
1930.000000 0.000528
1931.000000 0.000198
1932.000000 0.001103
1933.000000 0.000944
1934.000000 0.000645
1935.000000 0.000373
1936.000000 0.000816
1937.000000 0.000870
1938.000000 0.000728
1939.000000 0.001875
1940.000000 0.002010
1941.000000 0.001344
1942.000000 0.000514
1943.000000 0.000219
1944.000000 0.000008
1945.000000 0.000839
1946.000000 0.000515
1947.000000 0.000182
1948.000000 0.001042
1949.000000 0.000905
1950.000000 0.000623
1951.000000 0.000269
1952.000000 0.000847
1953.000000 0.000704
1954.000000 0.000448
1955.000000 0.001527
1956.000000 0.001508
1957.000000 0.001024
1958.000000 0.000351
1959.000000 0.000043
1960.000000 0.000903
1961.000000 0.000560
1962.000000 0.000231
1963.000000 0.001207
1964.000000 0.001019
1965.000000 0.000696
1966.000000 0.000517
1967.000000 0.000830
1968.000000 0.001091
1969.000000 0.001070
1970.000000 0.002324
1971.000000 0.002621
1972.000000 0.001731
1973.000000 0.000708
1974.000000 0.000302
1975.000000 0.000215
1976.000000 0.000004
1977.000000 0.000851
1978.000000 0.000514
1979.000000 0.000186
1980.000000 0.001039
1981.000000 0.000902
1982.000000 0.000623
1983.000000 0.000274
1984.000000 0.000849
1985.000000 0.000701
1986.000000 0.000442
1987.000000 0.001515
1988.000000 0.001494
1989.000000 0.001013
1990.000000 0.000345
1991.000000 0.000035
1992.000000 0.000881
1993.000000 0.000550
1994.000000 0.000211
1995.000000 0.001157
1996.000000 0.000988
1997.000000 0.000677
1998.000000 0.000399
1999.000000 0.000858
2000.000000 0.000920
2001.000000 0.000782
2002.000000 0.001993
2003.000000 0.002137
2004.000000 0.001430
2005.000000 0.000548
2006.000000 0.000231
2007.000000 0.000018
2008.000000 0.000909
2009.000000 0.000554
2010.000000 0.000205
2011.000000 0.001143
2012.000000 0.000987
2013.000000 0.000684
2014.000000 0.000314
2015.000000 0.000939
2016.000000 0.000784
2017.000000 0.000532
2018.000000 0.001738
2019.000000 0.001711
2020.000000 0.001167
2021.000000 0.000410
2022.000000 0.000090
2023.000000 0.001081
2024.000000 0.000652
2025.000000 0.000340
2026.000000 0.001524
2027.000000 0.001240
2028.000000 0.000840
2029.000000 0.000996
2030.000000 0.000833
2031.000000 0.001827
2032.000000 0.002213
2033.000000 0.003735
2034.000000 0.004582
2035.000000 0.002948
2036.000000 0.001336
2037.000000 0.000622
2038.000000 0.000254
2039.000000 0.000125
2040.000000 0.000063
2041.000000 0.000016
2042.000000 0.000008
2043.000000 0.000002
2044.000000 0.000820
2045.000000 0.000490
2046.000000 0.000180
2047.000000 0.000988
2048.000000 0.000859
2049.000000 0.000594
2050.000000 0.000264
2051.000000 0.000810
2052.000000 0.000667
2053.000000 0.000416
2054.000000 0.001434
2055.000000 0.001414
2056.000000 0.000958
2057.000000 0.000325
2058.000000 0.000029
2059.000000 0.000827
2060.000000 0.000517
2061.000000 0.000194
2062.000000 0.001078
2063.000000 0.000923
2064.000000 0.000631
2065.000000 0.000364
2066.000000 0.000797
2067.000000 0.000850
2068.000000 0.000711
2069.000000 0.001831
2070.000000 0.001963
2071.000000 0.001312
2072.000000 0.000501
2073.000000 0.000214
2074.000000 0.000007
2075.000000 0.000818
2076.000000 0.000502
2077.000000 0.000177
2078.000000 0.001015
2079.000000 0.000882
2080.000000 0.000607
2081.000000 0.000261
2082.000000 0.000824
2083.000000 0.000685
2084.000000 0.000435
2085.000000 0.001485
2086.000000 0.001466
2087.000000 0.000996
2088.000000 0.000341
2089.000000 0.000041
2090.000000 0.000876
2091.000000 0.000544
2092.000000 0.000223
2093.000000 0.001170
2094.000000 0.000989
2095.000000 0.000675
2096.000000 0.000499
2097.000000 0.000805
2098.000000 0.001056
2099.000000 0.001033
2100.000000 0.002247
2101.000000 0.002534
2102.000000 0.001673
2103.000000 0.000684
2104.000000 0.000292
2105.000000 0.000208
2106.000000 0.000003
2107.000000 0.000820
2108.000000 0.000495
2109.000000 0.000178
2110.000000 0.000998
2111.000000 0.000868
2112.000000 0.000599
2113.000000 0.000261
2114.000000 0.000815
2115.000000 0.000673
2116.000000 0.000420
2117.000000 0.001448
2118.000000 0.001429
2119.000000 0.000969
2120.000000 0.000330
2121.000000 0.000030
2122.000000 0.000838
2123.000000 0.000524
2124.000000 0.000198
2125.000000 0.001096
2126.000000 0.000938
2127.000000 0.000642
2128.000000 0.000373
2129.000000 0.000812
2130.000000 0.000867
2131.000000 0.000729
2132.000000 0.001872
2133.000000 0.002007
2134.000000 0.001343
2135.000000 0.000514
2136.000000 0.000218
2137.000000 0.000010
2138.000000 0.000842
2139.000000 0.000516
2140.000000 0.000184
2141.000000 0.001050
2142.000000 0.000911
2143.000000 0.000628
2144.000000 0.000276
2145.000000 0.000856
2146.000000 0.000713
2147.000000 0.000462
2148.000000 0.001556
2149.000000 0.001535
2150.000000 0.001044
2151.000000 0.000361
2152.000000 0.000055
2153.000000 0.000935
2154.000000 0.000575
2155.000000 0.000256
2156.000000 0.001271
2157.000000 0.001061
2158.000000 0.000722
2159.000000 0.000640
2160.000000 0.000815
2161.000000 0.001273
2162.000000 0.001367
2163.000000 0.002675
2164.000000 0.003120
2165.000000 0.002040
2166.000000 0.000871
2167.000000 0.000382
2168.000000 0.000217
2169.000000 0.000122
2170.000000 0.000002
2171.000000 0.000823
2172.000000 0.000493
2173.000000 0.000180
2174.000000 0.000995
2175.000000 0.000864
2176.000000 0.000597
2177.000000 0.000264
2178.000000 0.000815
2179.000000 0.000671
2180.000000 0.000419
2181.000000 0.001443
2182.000000 0.001423
2183.000000 0.000964
2184.000000 0.000328
2185.000000 0.000030
2186.000000 0.000833
2187.000000 0.000521
2188.000000 0.000196
2189.000000 0.001087
2190.000000 0.000931
2191.000000 0.000636
2192.000000 0.000367
2193.000000 0.000804
2194.000000 0.000858
2195.000000 0.000718
2196.000000 0.001848
2197.000000 0.001981
2198.000000 0.001325
2199.000000 0.000506
2200.000000 0.000216
2201.000000 0.000007
2202.000000 0.000827
2203.000000 0.000507
2204.000000 0.000179
2205.000000 0.001026
2206.000000 0.000891
2207.000000 0.000614
2208.000000 0.000265
2209.000000 0.000834
2210.000000 0.000693
2211.000000 0.000441
2212.000000 0.001503
2213.000000 0.001484
2214.000000 0.001008
2215.000000 0.000346
2216.000000 0.000042
2217.000000 0.000888
2218.000000 0.000551
2219.000000 0.000226
2220.000000 0.001186
2221.000000 0.001002
2222.000000 0.000684
2223.000000 0.000507
2224.000000 0.000816
2225.000000 0.001071
2226.000000 0.001049
2227.000000 0.002281
2228.000000 0.002573
2229.000000 0.001699
2230.000000 0.000694
2231.000000 0.000296
2232.000000 0.000211
2233.000000 0.000003
2234.000000 0.000834
2235.000000 0.000503
2236.000000 0.000181
2237.000000 0.001016
2238.000000 0.000883
2239.000000 0.000610
2240.000000 0.000267
2241.000000 0.000830
2242.000000 0.000685
2243.000000 0.000429
2244.000000 0.001477
2245.000000 0.001457
2246.000000 0.000988
2247.000000 0.000336
2248.000000 0.000032
2249.000000 0.000856
2250.000000 0.000535
2251.000000 0.000203
2252.000000 0.001121
2253.000000 0.000959
2254.000000 0.000656
2255.000000 0.000383
2256.000000 0.000831
2257.000000 0.000888
2258.000000 0.000749
2259.000000 0.001919
2260.000000 0.002058
2261.000000 0.001377
2262.000000 0.000527
2263.000000 0.000223
2264.000000 0.000012
2265.000000 0.000867
2266.000000 0.000530
2267.000000 0.000191
2268.000000 0.001083
2269.000000 0.000938
2270.000000 0.000648
2271.000000 0.000288
2272.000000 0.000885
2273.000000 0.000737
2274.000000 0.000483
2275.000000 0.001615
2276.000000 0.001593
2277.000000 0.001084
2278.000000 0.000376
2279.000000 0.000064
2280.000000 0.000978
2281.000000 0.000599
2282.000000 0.000277
2283.000000 0.001342
2284.000000 0.001113
2285.000000 0.000757
2286.000000 0.000723
2287.000000 0.000831
2288.000000 0.001405
2289.000000 0.001562
2290.000000 0.002933
2291.000000 0.003467
2292.000000 0.002258
2293.000000 0.000979
2294.000000 0.000436
2295.000000 0.000226
2296.000000 0.000124
2297.000000 0.000064
2298.000000 0.000002
2299.000000 0.000836
2300.000000 0.000501
2301.000000 0.000183
2302.000000 0.001010
2303.000000 0.000878
2304.000000 0.000607
2305.000000 0.000268
2306.000000 0.000827
2307.000000 0.000681
2308.000000 0.000426
2309.000000 0.001466
2310.000000 0.001446
2311.000000 0.000979
2312.000000 0.000333
2313.000000 0.000030
2314.000000 0.000846
2315.000000 0.000529
2316.000000 0.000199
2317.000000 0.001104
2318.000000 0.000945
2319.000000 0.000646
2320.000000 0.000373
2321.000000 0.000817
2322.000000 0.000871
2323.000000 0.000729
2324.000000 0.001877
2325.000000 0.002012
2326.000000 0.001346
2327.000000 0.000514
2328.000000 0.000219
2329.000000 0.000008
2330.000000 0.000840
2331.000000 0.000515
2332.000000 0.000182
2333.000000 0.001042
2334.000000 0.000905
2335.000000 0.000624
2336.000000 0.000269
2337.000000 0.000847
2338.000000 0.000704
2339.000000 0.000448
2340.000000 0.001526
2341.000000 0.001507
2342.000000 0.001024
2343.000000 0.000351
2344.000000 0.000043
2345.000000 0.000902
2346.000000 0.000559
2347.000000 0.000230
2348.000000 0.001205
2349.000000 0.001017
2350.000000 0.000694
2351.000000 0.000514
2352.000000 0.000829
2353.000000 0.001088
2354.000000 0.001065
2355.000000 0.002316
2356.000000 0.002612
2357.000000 0.001725
2358.000000 0.000705
2359.000000 0.000301
2360.000000 0.000214
2361.000000 0.000003
2362.000000 0.000846
2363.000000 0.000511
2364.000000 0.000184
2365.000000 0.001031
2366.000000 0.000896
2367.000000 0.000618
2368.000000 0.000270
2369.000000 0.000842
2370.000000 0.000695
2371.000000 0.000435
2372.000000 0.001497
2373.000000 0.001477
2374.000000 0.001002
2375.000000 0.000341
2376.000000 0.000032
2377.000000 0.000867
2378.000000 0.000542
2379.000000 0.000205
2380.000000 0.001135
2381.000000 0.000971
2382.000000 0.000664
2383.000000 0.000386
2384.000000 0.000841
2385.000000 0.000899
2386.000000 0.000756
2387.000000 0.001940
2388.000000 0.002080
2389.000000 0.001392
2390.000000 0.000532
2391.000000 0.000226
2392.000000 0.000011
2393.000000 0.000874
2394.000000 0.000535
2395.000000 0.000191
2396.000000 0.001090
2397.000000 0.000945
2398.000000 0.000652
2399.000000 0.000287
2400.000000 0.000889
2401.000000 0.000740
2402.000000 0.000481
2403.000000 0.001617
2404.000000 0.001596
2405.000000 0.001085
2406.000000 0.000375
2407.000000 0.000058
2408.000000 0.000973
2409.000000 0.000598
2410.000000 0.000267
2411.000000 0.001323
2412.000000 0.001104
2413.000000 0.000752
2414.000000 0.000667
2415.000000 0.000848
2416.000000 0.001327
2417.000000 0.001426
2418.000000 0.002788
2419.000000 0.003252
2420.000000 0.002127
2421.000000 0.000907
2422.000000 0.000398
2423.000000 0.000226
2424.000000 0.000127
2425.000000 0.000003
2426.000000 0.000859
2427.000000 0.000515
2428.000000 0.000188
2429.000000 0.001039
2430.000000 0.000903
2431.000000 0.000624
2432.000000 0.000276
2433.000000 0.000851
2434.000000 0.000701
2435.000000 0.000439
2436.000000 0.001509
2437.000000 0.001488
2438.000000 0.001008
2439.000000 0.000343
2440.000000 0.000032
2441.000000 0.000872
2442.000000 0.000545
2443.000000 0.000205
2444.000000 0.001139
2445.000000 0.000975
2446.000000 0.000666
2447.000000 0.000386
2448.000000 0.000843
2449.000000 0.000899
2450.000000 0.000754
2451.000000 0.001939
2452.000000 0.002078
2453.000000 0.001390
2454.000000 0.000531
2455.000000 0.000226
2456.000000 0.000008
2457.000000 0.000869
2458.000000 0.000532
2459.000000 0.000188
2460.000000 0.001079
2461.000000 0.000937
2462.000000 0.000646
2463.000000 0.000279
2464.000000 0.000877
2465.000000 0.000729
2466.000000 0.000465
2467.000000 0.001582
2468.000000 0.001562
2469.000000 0.001061
2470.000000 0.000364
2471.000000 0.000045
2472.000000 0.000936
2473.000000 0.000580
2474.000000 0.000239
2475.000000 0.001251
2476.000000 0.001057
2477.000000 0.000721
2478.000000 0.000536
2479.000000 0.000861
2480.000000 0.001131
2481.000000 0.001109
2482.000000 0.002410
2483.000000 0.002718
2484.000000 0.001795
2485.000000 0.000734
2486.000000 0.000313
2487.000000 0.000223
2488.000000 0.000004
2489.000000 0.000883
2490.000000 0.000533
2491.000000 0.000192
2492.000000 0.001077
2493.000000 0.000936
2494.000000 0.000646
2495.000000 0.000284
2496.000000 0.000880
2497.000000 0.000727
2498.000000 0.000457
2499.000000 0.001568
2500.000000 0.001547
2501.000000 0.001049
2502.000000 0.000357
2503.000000 0.000035
2504.000000 0.000911
2505.000000 0.000569
2506.000000 0.000217
2507.000000 0.001194
2508.000000 0.001021
2509.000000 0.000699
2510.000000 0.000410
2511.000000 0.000886
2512.000000 0.000948
2513.000000 0.000802
2514.000000 0.002051
2515.000000 0.002199
2516.000000 0.001472
2517.000000 0.000564
2518.000000 0.000238
2519.000000 0.000015
2520.000000 0.000930
2521.000000 0.000568
2522.000000 0.000206
2523.000000 0.001164
2524.000000 0.001008
2525.000000 0.000697
2526.000000 0.000313
2527.000000 0.000953
2528.000000 0.000795
2529.000000 0.000527
2530.000000 0.001747
2531.000000 0.001723
2532.000000 0.001173
2533.000000 0.000408
2534.000000 0.000075
2535.000000 0.001068
2536.000000 0.000650
2537.000000 0.000312
2538.000000 0.001476
2539.000000 0.001217
2540.000000 0.000828
2541.000000 0.000844
2542.000000 0.000884
2543.000000 0.001609
2544.000000 0.001839
2545.000000 0.003340
2546.000000 0.003993
2547.000000 0.002591
2548.000000 0.001139
2549.000000 0.000513
2550.000000 0.000247
2551.000000 0.000132
2552.000000 0.000068
2553.000000 0.000003
2554.000000 0.000888
2555.000000 0.000531
2556.000000 0.000195
2557.000000 0.001073
2558.000000 0.000932
2559.000000 0.000644
2560.000000 0.000287
2561.000000 0.000880
2562.000000 0.000724
2563.000000 0.000454
2564.000000 0.001559
2565.000000 0.001537
2566.000000 0.001041
2567.000000 0.000354
2568.000000 0.000033
2569.000000 0.000900
2570.000000 0.000563
2571.000000 0.000212
2572.000000 0.001176
2573.000000 0.001006
2574.000000 0.000688
2575.000000 0.000398
2576.000000 0.000870
2577.000000 0.000928
2578.000000 0.000778
2579.000000 0.002000
2580.000000 0.002145
2581.000000 0.001434
2582.000000 0.000548
2583.000000 0.000233
2584.000000 0.000009
2585.000000 0.000896
2586.000000 0.000549
2587.000000 0.000194
2588.000000 0.001113
2589.000000 0.000966
2590.000000 0.000666
2591.000000 0.000288
2592.000000 0.000904
2593.000000 0.000752
2594.000000 0.000479
2595.000000 0.001631
2596.000000 0.001610
2597.000000 0.001094
2598.000000 0.000375
2599.000000 0.000047
2600.000000 0.000964
2601.000000 0.000598
2602.000000 0.000246
2603.000000 0.001289
2604.000000 0.001088
2605.000000 0.000743
2606.000000 0.000551
2607.000000 0.000887
2608.000000 0.001164
2609.000000 0.001141
2610.000000 0.002481
2611.000000 0.002797
2612.000000 0.001847
2613.000000 0.000755
2614.000000 0.000322
2615.000000 0.000230
2616.000000 0.000004
2617.000000 0.000907
2618.000000 0.000548
2619.000000 0.000197
2620.000000 0.001106
2621.000000 0.000961
2622.000000 0.000663
2623.000000 0.000290
2624.000000 0.000903
2625.000000 0.000746
2626.000000 0.000468
2627.000000 0.001608
2628.000000 0.001587
2629.000000 0.001076
2630.000000 0.000366
2631.000000 0.000035
2632.000000 0.000932
2633.000000 0.000583
2634.000000 0.000221
2635.000000 0.001221
2636.000000 0.001044
2637.000000 0.000714
2638.000000 0.000416
2639.000000 0.000905
2640.000000 0.000967
2641.000000 0.000815
2642.000000 0.002089
2643.000000 0.002240
2644.000000 0.001498
2645.000000 0.000573
2646.000000 0.000243
2647.000000 0.000012
2648.000000 0.000942
2649.000000 0.000576
2650.000000 0.000207
2651.000000 0.001175
2652.000000 0.001019
2653.000000 0.000703
2654.000000 0.000310
2655.000000 0.000959
2656.000000 0.000799
2657.000000 0.000520
2658.000000 0.001746
2659.000000 0.001722
2660.000000 0.001172
2661.000000 0.000405
2662.000000 0.000063
2663.000000 0.001051
2664.000000 0.000645
2665.000000 0.000289
2666.000000 0.001430
2667.000000 0.001193
2668.000000 0.000813
2669.000000 0.000722
2670.000000 0.000917
2671.000000 0.001435
2672.000000 0.001543
2673.000000 0.003016
2674.000000 0.003519
2675.000000 0.002301
2676.000000 0.000982
2677.000000 0.000431
2678.000000 0.000245
2679.000000 0.000138
2680.000000 0.000003
2681.000000 0.000931
2682.000000 0.000557
2683.000000 0.000204
2684.000000 0.001126
2685.000000 0.000978
2686.000000 0.000676
2687.000000 0.000300
2688.000000 0.000923
2689.000000 0.000760
2690.000000 0.000477
2691.000000 0.001638
2692.000000 0.001615
2693.000000 0.001094
2694.000000 0.000372
2695.000000 0.000035
2696.000000 0.000947
2697.000000 0.000592
2698.000000 0.000223
2699.000000 0.001237
2700.000000 0.001059
2701.000000 0.000724
2702.000000 0.000420
2703.000000 0.000916
2704.000000 0.000977
2705.000000 0.000820
2706.000000 0.002108
2707.000000 0.002260
2708.000000 0.001511
2709.000000 0.000578
2710.000000 0.000246
2711.000000 0.000010
2712.000000 0.000945
2713.000000 0.000579
2714.000000 0.000205
2715.000000 0.001175
2716.000000 0.001020
2717.000000 0.000703
2718.000000 0.000304
2719.000000 0.000955
2720.000000 0.000794
2721.000000 0.000507
2722.000000 0.001724
2723.000000 0.001702
2724.000000 0.001156
2725.000000 0.000397
2726.000000 0.000050
2727.000000 0.001021
2728.000000 0.000632
2729.000000 0.000261
2730.000000 0.001365
2731.000000 0.001152
2732.000000 0.000787
2733.000000 0.000585
2734.000000 0.000939
2735.000000 0.001234
2736.000000 0.001211
2737.000000 0.002631
2738.000000 0.002966
2739.000000 0.001959
2740.000000 0.000801
2741.000000 0.000341
2742.000000 0.000243
2743.000000 0.000005
2744.000000 0.000964
2745.000000 0.000582
2746.000000 0.000210
2747.000000 0.001176
2748.000000 0.001022
2749.000000 0.000706
2750.000000 0.000310
2751.000000 0.000961
2752.000000 0.000794
2753.000000 0.000499
2754.000000 0.001713
2755.000000 0.001690
2756.000000 0.001146
2757.000000 0.000390
2758.000000 0.000038
2759.000000 0.000995
2760.000000 0.000622
2761.000000 0.000237
2762.000000 0.001305
2763.000000 0.001116
2764.000000 0.000763
2765.000000 0.000447
2766.000000 0.000967
2767.000000 0.001035
2768.000000 0.000875
2769.000000 0.002239
2770.000000 0.002401
2771.000000 0.001606
2772.000000 0.000615
2773.000000 0.000260
2774.000000 0.000015
2775.000000 0.001014
2776.000000 0.000619
2777.000000 0.000224
2778.000000 0.001268
2779.000000 0.001098
2780.000000 0.000758
2781.000000 0.000338
2782.000000 0.001037
2783.000000 0.000864
2784.000000 0.000569
2785.000000 0.001895
2786.000000 0.001868
2787.000000 0.001272
2788.000000 0.000441
2789.000000 0.000076
2790.000000 0.001150
2791.000000 0.000703
2792.000000 0.000327
2793.000000 0.001580
2794.000000 0.001309
2795.000000 0.000891
2796.000000 0.000854
2797.000000 0.000978
2798.000000 0.001657
2799.000000 0.001845
2800.000000 0.003461
2801.000000 0.004091
2802.000000 0.002664
2803.000000 0.001156
2804.000000 0.000514
2805.000000 0.000267
2806.000000 0.000147
2807.000000 0.000076
2808.000000 0.000003
2809.000000 0.000990
2810.000000 0.000593
2811.000000 0.000217
2812.000000 0.001198
2813.000000 0.001040
2814.000000 0.000719
2815.000000 0.000319
2816.000000 0.000982
2817.000000 0.000809
2818.000000 0.000507
2819.000000 0.001742
2820.000000 0.001718
2821.000000 0.001164
2822.000000 0.000396
2823.000000 0.000037
2824.000000 0.001007
2825.000000 0.000630
2826.000000 0.000238
2827.000000 0.001317
2828.000000 0.001127
2829.000000 0.000770
2830.000000 0.000447
2831.000000 0.000974
2832.000000 0.001040
2833.000000 0.000873
2834.000000 0.002244
2835.000000 0.002405
2836.000000 0.001609
2837.000000 0.000615
2838.000000 0.000262
2839.000000 0.000010
2840.000000 0.001006
2841.000000 0.000617
2842.000000 0.000219
2843.000000 0.001251
2844.000000 0.001086
2845.000000 0.000748
2846.000000 0.000324
2847.000000 0.001017
2848.000000 0.000845
2849.000000 0.000540
2850.000000 0.001836
2851.000000 0.001813
2852.000000 0.001232
2853.000000 0.000423
2854.000000 0.000053
2855.000000 0.001087
2856.000000 0.000674
2857.000000 0.000279
2858.000000 0.001454
2859.000000 0.001227
2860.000000 0.000838
2861.000000 0.000623
2862.000000 0.001001
2863.000000 0.001315
2864.000000 0.001290
2865.000000 0.002803
2866.000000 0.003160
2867.000000 0.002087
2868.000000 0.000853
2869.000000 0.000364
2870.000000 0.000259
2871.000000 0.000005
2872.000000 0.001027
2873.000000 0.000620
2874.000000 0.000224
2875.000000 0.001253
2876.000000 0.001088
2877.000000 0.000752
2878.000000 0.000330
2879.000000 0.001024
2880.000000 0.000846
2881.000000 0.000532
2882.000000 0.001824
2883.000000 0.001800
2884.000000 0.001221
2885.000000 0.000415
2886.000000 0.000040
2887.000000 0.001059
2888.000000 0.000662
2889.000000 0.000252
2890.000000 0.001388
2891.000000 0.001187
2892.000000 0.000812
2893.000000 0.000475
2894.000000 0.001029
2895.000000 0.001101
2896.000000 0.000929
2897.000000 0.002379
2898.000000 0.002551
2899.000000 0.001707
2900.000000 0.000653
2901.000000 0.000277
2902.000000 0.000015
2903.000000 0.001075
2904.000000 0.000657
2905.000000 0.000237
2906.000000 0.001342
2907.000000 0.001163
2908.000000 0.000803
2909.000000 0.000355
2910.000000 0.001096
2911.000000 0.000913
2912.000000 0.000596
2913.000000 0.001997
2914.000000 0.001970
2915.000000 0.001340
2916.000000 0.000463
2917.000000 0.000073
2918.000000 0.001204
2919.000000 0.000739
2920.000000 0.000332
2921.000000 0.001640
2922.000000 0.001367
2923.000000 0.000932
2924.000000 0.000830
2925.000000 0.001051
2926.000000 0.001647
2927.000000 0.001774
2928.000000 0.003464
2929.000000 0.004042
2930.000000 0.002643
2931.000000 0.001128
2932.000000 0.000495
2933.000000 0.000281
2934.000000 0.000158
2935.000000 0.000004
2936.000000 0.001072
2937.000000 0.000641
2938.000000 0.000236
2939.000000 0.001299
2940.000000 0.001127
2941.000000 0.000780
2942.000000 0.000347
2943.000000 0.001065
2944.000000 0.000877
2945.000000 0.000552
2946.000000 0.001892
2947.000000 0.001865
2948.000000 0.001264
2949.000000 0.000430
2950.000000 0.000042
2951.000000 0.001096
2952.000000 0.000685
2953.000000 0.000260
2954.000000 0.001434
2955.000000 0.001226
2956.000000 0.000839
2957.000000 0.000488
2958.000000 0.001061
2959.000000 0.001134
2960.000000 0.000954
2961.000000 0.002447
2962.000000 0.002624
2963.000000 0.001755
2964.000000 0.000671
2965.000000 0.000285
2966.000000 0.000013
2967.000000 0.001100
2968.000000 0.000674
2969.000000 0.000240
2970.000000 0.001369
2971.000000 0.001188
2972.000000 0.000819
2973.000000 0.000356
2974.000000 0.001114
2975.000000 0.000926
2976.000000 0.000594
2977.000000 0.002015
2978.000000 0.001989
2979.000000 0.001351
2980.000000 0.000464
2981.000000 0.000060
2982.000000 0.001195
2983.000000 0.000740
2984.000000 0.000308
2985.000000 0.001601
2986.000000 0.001351
2987.000000 0.000923
2988.000000 0.000690
2989.000000 0.001102
2990.000000 0.001451
2991.000000 0.001428
2992.000000 0.003096
2993.000000 0.003491
2994.000000 0.002306
2995.000000 0.000943
2996.000000 0.000401
2997.000000 0.000287
2998.000000 0.000008
2999.000000 0.001139
3000.000000 0.000687
3001.000000 0.000250
3002.000000 0.001394
3003.000000 0.001209
3004.000000 0.000836
3005.000000 0.000370
3006.000000 0.001140
3007.000000 0.000942
3008.000000 0.000597
3009.000000 0.002039
3010.000000 0.002010
3011.000000 0.001364
3012.000000 0.000465
3013.000000 0.000049
3014.000000 0.001189
3015.000000 0.000742
3016.000000 0.000287
3017.000000 0.001564
3018.000000 0.001335
3019.000000 0.000915
3020.000000 0.000542
3021.000000 0.001161
3022.000000 0.001246
3023.000000 0.001062
3024.000000 0.002702
3025.000000 0.002898
3026.000000 0.001940
3027.000000 0.000744
3028.000000 0.000312
3029.000000 0.000025
3030.000000 0.001235
3031.000000 0.000752
3032.000000 0.000279
3033.000000 0.001555
3034.000000 0.001342
3035.000000 0.000930
3036.000000 0.000427
3037.000000 0.001278
3038.000000 0.001067
3039.000000 0.000723
3040.000000 0.002364
3041.000000 0.002328
3042.000000 0.001588
3043.000000 0.000556
3044.000000 0.000120
3045.000000 0.001468
3046.000000 0.000886
3047.000000 0.000455
3048.000000 0.002060
3049.000000 0.001681
3050.000000 0.001141
3051.000000 0.001302
3052.000000 0.001158
3053.000000 0.002408
3054.000000 0.002876
3055.000000 0.004949
3056.000000 0.006027
3057.000000 0.003888
3058.000000 0.001747
3059.000000 0.000805
3060.000000 0.000344
3061.000000 0.000174
3062.000000 0.000089
3063.000000 0.000022
3064.000000 0.000005
3065.000000 0.001163
3066.000000 0.000693
3067.000000 0.000257
3068.000000 0.001405
3069.000000 0.001219
3070.000000 0.000844
3071.000000 0.000378
3072.000000 0.001154
3073.000000 0.000949
3074.000000 0.000598
3075.000000 0.002048
3076.000000 0.002018
3077.000000 0.001368
3078.000000 0.000465
3079.000000 0.000045
3080.000000 0.001185
3081.000000 0.000740
3082.000000 0.000281
3083.000000 0.001551
3084.000000 0.001326
3085.000000 0.000907
3086.000000 0.000528
3087.000000 0.001148
3088.000000 0.001226
3089.000000 0.001031
3090.000000 0.002646
3091.000000 0.002836
3092.000000 0.001897
3093.000000 0.000725
3094.000000 0.000308
3095.000000 0.000014
3096.000000 0.001188
3097.000000 0.000728
3098.000000 0.000259
3099.000000 0.001478
3100.000000 0.001283
3101.000000 0.000884
3102.000000 0.000384
3103.000000 0.001203
3104.000000 0.001000
3105.000000 0.000640
3106.000000 0.002173
3107.000000 0.002145
3108.000000 0.001457
3109.000000 0.000500
3110.000000 0.000064
3111.000000 0.001288
3112.000000 0.000798
3113.000000 0.000331
3114.000000 0.001724
3115.000000 0.001455
3116.000000 0.000994
3117.000000 0.000741
3118.000000 0.001187
3119.000000 0.001561
3120.000000 0.001534
3121.000000 0.003328
3122.000000 0.003753
3123.000000 0.002478
3124.000000 0.001014
3125.000000 0.000432
3126.000000 0.000308
3127.000000 0.000007
3128.000000 0.001222
3129.000000 0.000737
3130.000000 0.000267
3131.000000 0.001492
3132.000000 0.001295
3133.000000 0.000895
3134.000000 0.000394
3135.000000 0.001220
3136.000000 0.001007
3137.000000 0.000635
3138.000000 0.002175
3139.000000 0.002146
3140.000000 0.001455
3141.000000 0.000495
3142.000000 0.000049
3143.000000 0.001265
3144.000000 0.000790
3145.000000 0.000302
3146.000000 0.001658
3147.000000 0.001418
3148.000000 0.000970
3149.000000 0.000569
3150.000000 0.001230
3151.000000 0.001316
3152.000000 0.001113
3153.000000 0.002846
3154.000000 0.003052
3155.000000 0.002042
3156.000000 0.000782
3157.000000 0.000331
3158.000000 0.000019
3159.000000 0.001288
3160.000000 0.000787
3161.000000 0.000284
3162.000000 0.001610
3163.000000 0.001394
3164.000000 0.000963
3165.000000 0.000427
3166.000000 0.001315
3167.000000 0.001095
3168.000000 0.000716
3169.000000 0.002398
3170.000000 0.002365
3171.000000 0.001610
3172.000000 0.000556
3173.000000 0.000090
3174.000000 0.001447
3175.000000 0.000888
3176.000000 0.000400
3177.000000 0.001973
3178.000000 0.001644
3179.000000 0.001121
3180.000000 0.001001
3181.000000 0.001265
3182.000000 0.001984
3183.000000 0.002140
3184.000000 0.004174
3185.000000 0.004870
3186.000000 0.003185
3187.000000 0.001360
3188.000000 0.000595
3189.000000 0.000339
3190.000000 0.000191
3191.000000 0.000006
3192.000000 0.001294
3193.000000 0.000774
3194.000000 0.000285
3195.000000 0.001569
3196.000000 0.001361
3197.000000 0.000942
3198.000000 0.000420
3199.000000 0.001287
3200.000000 0.001060
3201.000000 0.000669
3202.000000 0.002288
3203.000000 0.002255
3204.000000 0.001529
3205.000000 0.000520
3206.000000 0.000051
3207.000000 0.001327
3208.000000 0.000828
3209.000000 0.000315
3210.000000 0.001737
3211.000000 0.001485
3212.000000 0.001016
3213.000000 0.000593
3214.000000 0.001286
3215.000000 0.001375
3216.000000 0.001158
3217.000000 0.002968
3218.000000 0.003182
3219.000000 0.002129
3220.000000 0.000814
3221.000000 0.000345
3222.000000 0.000016
3223.000000 0.001336
3224.000000 0.000818
3225.000000 0.000292
3226.000000 0.001663
3227.000000 0.001443
3228.000000 0.000995
3229.000000 0.000434
3230.000000 0.001354
3231.000000 0.001126
3232.000000 0.000723
3233.000000 0.002449
3234.000000 0.002417
3235.000000 0.001643
3236.000000 0.000564
3237.000000 0.000074
3238.000000 0.001454
3239.000000 0.000900
3240.000000 0.000376
3241.000000 0.001948
3242.000000 0.001643
3243.000000 0.001123
3244.000000 0.000840
3245.000000 0.001341
3246.000000 0.001766
3247.000000 0.001739
3248.000000 0.003768
3249.000000 0.004249
3250.000000 0.002807
3251.000000 0.001148
3252.000000 0.000488
3253.000000 0.000349
3254.000000 0.000010
3255.000000 0.001387
3256.000000 0.000836
3257.000000 0.000304
3258.000000 0.001696
3259.000000 0.001471
3260.000000 0.001017
3261.000000 0.000450
3262.000000 0.001387
3263.000000 0.001146
3264.000000 0.000726
3265.000000 0.002478
3266.000000 0.002444
3267.000000 0.001658
3268.000000 0.000565
3269.000000 0.000059
3270.000000 0.001444
3271.000000 0.000901
3272.000000 0.000347
3273.000000 0.001897
3274.000000 0.001620
3275.000000 0.001110
3276.000000 0.000654
3277.000000 0.001408
3278.000000 0.001508
3279.000000 0.001280
3280.000000 0.003266
3281.000000 0.003502
3282.000000 0.002344
3283.000000 0.000898
3284.000000 0.000378
3285.000000 0.000026
3286.000000 0.001485
3287.000000 0.000906
3288.000000 0.000331
3289.000000 0.001861
3290.000000 0.001609
3291.000000 0.001113
3292.000000 0.000500
3293.000000 0.001523
3294.000000 0.001270
3295.000000 0.000841
3296.000000 0.002791
3297.000000 0.002751
3298.000000 0.001874
3299.000000 0.000650
3300.000000 0.000116
3301.000000 0.001700
3302.000000 0.001038
3303.000000 0.000488
3304.000000 0.002339
3305.000000 0.001937
3306.000000 0.001319
3307.000000 0.001272
3308.000000 0.001447
3309.000000 0.002461
3310.000000 0.002747
3311.000000 0.005143
3312.000000 0.006082
3313.000000 0.003960
3314.000000 0.001719
3315.000000 0.000763
3316.000000 0.000397
3317.000000 0.000218
3318.000000 0.000113
3319.000000 0.000008
3320.000000 0.001480
3321.000000 0.000885
3322.000000 0.000326
3323.000000 0.001795
3324.000000 0.001557
3325.000000 0.001078
3326.000000 0.000482
3327.000000 0.001473
3328.000000 0.001214
3329.000000 0.000767
3330.000000 0.002621
3331.000000 0.002583
3332.000000 0.001751
3333.000000 0.000596
3334.000000 0.000060
3335.000000 0.001521
3336.000000 0.000949
3337.000000 0.000362
3338.000000 0.001992
3339.000000 0.001703
3340.000000 0.001165
3341.000000 0.000681
3342.000000 0.001476
3343.000000 0.001577
3344.000000 0.001330
3345.000000 0.003408
3346.000000 0.003653
3347.000000 0.002444
3348.000000 0.000935
3349.000000 0.000396
3350.000000 0.000020
3351.000000 0.001535
3352.000000 0.000939
3353.000000 0.000336
3354.000000 0.001912
3355.000000 0.001658
3356.000000 0.001144
3357.000000 0.000499
3358.000000 0.001557
3359.000000 0.001295
3360.000000 0.000833
3361.000000 0.002818
3362.000000 0.002781
3363.000000 0.001890
3364.000000 0.000649
3365.000000 0.000086
3366.000000 0.001675
3367.000000 0.001036
3368.000000 0.000433
3369.000000 0.002245
3370.000000 0.001893
3371.000000 0.001293
3372.000000 0.000969
3373.000000 0.001546
3374.000000 0.002036
3375.000000 0.002005
3376.000000 0.004344
3377.000000 0.004899
3378.000000 0.003236
3379.000000 0.001324
3380.000000 0.000562
3381.000000 0.000402
3382.000000 0.000012
3383.000000 0.001600
3384.000000 0.000964
3385.000000 0.000351
3386.000000 0.001958
3387.000000 0.001698
3388.000000 0.001174
3389.000000 0.000519
3390.000000 0.001602
3391.000000 0.001323
3392.000000 0.000838
3393.000000 0.002862
3394.000000 0.002822
3395.000000 0.001915
3396.000000 0.000652
3397.000000 0.000068
3398.000000 0.001668
3399.000000 0.001041
3400.000000 0.000400
3401.000000 0.002191
3402.000000 0.001871
3403.000000 0.001282
3404.000000 0.000755
3405.000000 0.001626
3406.000000 0.001742
3407.000000 0.001477
3408.000000 0.003771
3409.000000 0.004043
3410.000000 0.002706
3411.000000 0.001036
3412.000000 0.000437
3413.000000 0.000028
3414.000000 0.001712
3415.000000 0.001045
3416.000000 0.000380
3417.000000 0.002143
3418.000000 0.001855
3419.000000 0.001282
3420.000000 0.000572
3421.000000 0.001753
3422.000000 0.001460
3423.000000 0.000960
3424.000000 0.003202
3425.000000 0.003158
3426.000000 0.002150
3427.000000 0.000744
3428.000000 0.000123
3429.000000 0.001938
3430.000000 0.001188
3431.000000 0.000540
3432.000000 0.002647
3433.000000 0.002204
3434.000000 0.001503
3435.000000 0.001349
3436.000000 0.001697
3437.000000 0.002668
3438.000000 0.002883
3439.000000 0.005616
3440.000000 0.006553
3441.000000 0.004286
3442.000000 0.001831
3443.000000 0.000800
3444.000000 0.000456
3445.000000 0.000257
3446.000000 0.000011
3447.000000 0.001749
3448.000000 0.001045
3449.000000 0.000387
3450.000000 0.002125
3451.000000 0.001842
3452.000000 0.001275
3453.000000 0.000573
3454.000000 0.001745
3455.000000 0.001438
3456.000000 0.000912
3457.000000 0.003109
3458.000000 0.003064
3459.000000 0.002078
3460.000000 0.000707
3461.000000 0.000074
3462.000000 0.001808
3463.000000 0.001128
3464.000000 0.000433
3465.000000 0.002372
3466.000000 0.002026
3467.000000 0.001387
3468.000000 0.000814
3469.000000 0.001758
3470.000000 0.001881
3471.000000 0.001591
3472.000000 0.004068
3473.000000 0.004360
3474.000000 0.002917
3475.000000 0.001116
3476.000000 0.000472
3477.000000 0.000027
3478.000000 0.001838
3479.000000 0.001124
3480.000000 0.000404
3481.000000 0.002293
3482.000000 0.001987
3483.000000 0.001371
3484.000000 0.000602
3485.000000 0.001869
3486.000000 0.001554
3487.000000 0.001005
3488.000000 0.003389
3489.000000 0.003344
3490.000000 0.002274
3491.000000 0.000781
3492.000000 0.000107
3493.000000 0.002019
3494.000000 0.001248
3495.000000 0.000526
3496.000000 0.002711
3497.000000 0.002284
3498.000000 0.001562
3499.000000 0.001177
3500.000000 0.001868
3501.000000 0.002465
3502.000000 0.002435
3503.000000 0.005264
3504.000000 0.005937
3505.000000 0.003922
3506.000000 0.001606
3507.000000 0.000680
3508.000000 0.000488
3509.000000 0.000018
3510.000000 0.001948
3511.000000 0.001173
3512.000000 0.000430
3513.000000 0.002388
3514.000000 0.002070
3515.000000 0.001432
3516.000000 0.000638
3517.000000 0.001957
3518.000000 0.001617
3519.000000 0.001032
3520.000000 0.003507
3521.000000 0.003457
3522.000000 0.002347
3523.000000 0.000800
3524.000000 0.000089
3525.000000 0.002052
3526.000000 0.001278
3527.000000 0.000499
3528.000000 0.002703
3529.000000 0.002306
3530.000000 0.001581
3531.000000 0.000942
3532.000000 0.002009
3533.000000 0.002157
3534.000000 0.001844
3535.000000 0.004682
3536.000000 0.005019
3537.000000 0.003361
3538.000000 0.001289
3539.000000 0.000540
3540.000000 0.000045
3541.000000 0.002143
3542.000000 0.001305
3543.000000 0.000484
3544.000000 0.002697
3545.000000 0.002328
3546.000000 0.001613
3547.000000 0.000737
3548.000000 0.002215
3549.000000 0.001847
3550.000000 0.001244
3551.000000 0.004084
3552.000000 0.004023
3553.000000 0.002743
3554.000000 0.000956
3555.000000 0.000190
3556.000000 0.002515
3557.000000 0.001527
3558.000000 0.000750
3559.000000 0.003494
3560.000000 0.002874
3561.000000 0.001957
3562.000000 0.002024
3563.000000 0.002090
3564.000000 0.003837
3565.000000 0.004412
3566.000000 0.007976
3567.000000 0.009541
3568.000000 0.006192
3569.000000 0.002725
3570.000000 0.001223
3571.000000 0.000590
3572.000000 0.000317
3573.000000 0.000163
3574.000000 0.000017
3575.000000 0.002154
3576.000000 0.001283
3577.000000 0.000479
3578.000000 0.002616
3579.000000 0.002265
3580.000000 0.001570
3581.000000 0.000711
3582.000000 0.002151
3583.000000 0.001772
3584.000000 0.001129
3585.000000 0.003836
3586.000000 0.003779
3587.000000 0.002564
3588.000000 0.000873
3589.000000 0.000094
3590.000000 0.002235
3591.000000 0.001393
3592.000000 0.000538
3593.000000 0.002934
3594.000000 0.002505
3595.000000 0.001715
3596.000000 0.001011
3597.000000 0.002176
3598.000000 0.002330
3599.000000 0.001976
3600.000000 0.005042
3601.000000 0.005404
3602.000000 0.003616
3603.000000 0.001384
3604.000000 0.000584
3605.000000 0.000036
3606.000000 0.002283
3607.000000 0.001395
3608.000000 0.000504
3609.000000 0.002852
3610.000000 0.002469
3611.000000 0.001705
3612.000000 0.000752
3613.000000 0.002326
3614.000000 0.001935
3615.000000 0.001255
3616.000000 0.004223
3617.000000 0.004166
3618.000000 0.002833
3619.000000 0.000974
3620.000000 0.000137
3621.000000 0.002520
3622.000000 0.001557
3623.000000 0.000660
3624.000000 0.003388
3625.000000 0.002852
3626.000000 0.001951
3627.000000 0.001475
3628.000000 0.002334
3629.000000 0.003083
3630.000000 0.003052
3631.000000 0.006589
3632.000000 0.007431
3633.000000 0.004909
3634.000000 0.002010
3635.000000 0.000850
3636.000000 0.000611
3637.000000 0.000026
3638.000000 0.002443
3639.000000 0.001470
3640.000000 0.000541
3641.000000 0.002998
3642.000000 0.002597
3643.000000 0.001797
3644.000000 0.000803
3645.000000 0.002457
3646.000000 0.002031
3647.000000 0.001299
3648.000000 0.004406
3649.000000 0.004343
3650.000000 0.002949
3651.000000 0.001005
3652.000000 0.000113
3653.000000 0.002580
3654.000000 0.001607
3655.000000 0.000628
3656.000000 0.003400
3657.000000 0.002899
3658.000000 0.001988
3659.000000 0.001184
3660.000000 0.002526
3661.000000 0.002712
3662.000000 0.002316
3663.000000 0.005885
3664.000000 0.006308
3665.000000 0.004224
3666.000000 0.001619
3667.000000 0.000679
3668.000000 0.000054
3669.000000 0.002688
3670.000000 0.001638
3671.000000 0.000603
3672.000000 0.003377
3673.000000 0.002917
3674.000000 0.002019
3675.000000 0.000912
3676.000000 0.002768
3677.000000 0.002306
3678.000000 0.001533
3679.000000 0.005076
3680.000000 0.005003
3681.000000 0.003408
3682.000000 0.001180
3683.000000 0.000207
3684.000000 0.003088
3685.000000 0.001889
3686.000000 0.000872
3687.000000 0.004232
3688.000000 0.003518
3689.000000 0.002402
3690.000000 0.002179
3691.000000 0.002712
3692.000000 0.004287
3693.000000 0.004656
3694.000000 0.009035
3695.000000 0.010546
3696.000000 0.006899
3697.000000 0.002949
3698.000000 0.001284
3699.000000 0.000734
3700.000000 0.000415
3701.000000 0.000030
3702.000000 0.002841
3703.000000 0.001694
3704.000000 0.000635
3705.000000 0.003465
3706.000000 0.002997
3707.000000 0.002078
3708.000000 0.000945
3709.000000 0.002851
3710.000000 0.002350
3711.000000 0.001509
3712.000000 0.005103
3713.000000 0.005026
3714.000000 0.003411
3715.000000 0.001162
3716.000000 0.000134
3717.000000 0.002986
3718.000000 0.001858
3719.000000 0.000727
3720.000000 0.003931
3721.000000 0.003352
3722.000000 0.002298
3723.000000 0.001367
3724.000000 0.002919
3725.000000 0.003131
3726.000000 0.002672
3727.000000 0.006791
3728.000000 0.007278
3729.000000 0.004872
3730.000000 0.001866
3731.000000 0.000784
3732.000000 0.000059
3733.000000 0.003093
3734.000000 0.001886
3735.000000 0.000690
3736.000000 0.003875
3737.000000 0.003350
3738.000000 0.002316
3739.000000 0.001032
3740.000000 0.003167
3741.000000 0.002635
3742.000000 0.001726
3743.000000 0.005771
3744.000000 0.005690
3745.000000 0.003872
3746.000000 0.001332
3747.000000 0.000200
3748.000000 0.003461
3749.000000 0.002134
3750.000000 0.000918
3751.000000 0.004667
3752.000000 0.003924
3753.000000 0.002687
3754.000000 0.002052
3755.000000 0.003218
3756.000000 0.004266
3757.000000 0.004247
3758.000000 0.009134
3759.000000 0.010302
3760.000000 0.006808
3761.000000 0.002790
3762.000000 0.001175
3763.000000 0.000848
3764.000000 0.000049
3765.000000 0.003414
3766.000000 0.002050
3767.000000 0.000764
3768.000000 0.004206
3769.000000 0.003636
3770.000000 0.002520
3771.000000 0.001141
3772.000000 0.003456
3773.000000 0.002858
3774.000000 0.001851
3775.000000 0.006227
3776.000000 0.006134
3777.000000 0.004168
3778.000000 0.001423
3779.000000 0.000177
3780.000000 0.003670
3781.000000 0.002280
3782.000000 0.000909
3783.000000 0.004856
3784.000000 0.004133
3785.000000 0.002838
3786.000000 0.001716
3787.000000 0.003617
3788.000000 0.003893
3789.000000 0.003360
3790.000000 0.008478
3791.000000 0.009088
3792.000000 0.006089
3793.000000 0.002337
3794.000000 0.000973
3795.000000 0.000101
3796.000000 0.003913
3797.000000 0.002377
3798.000000 0.000896
3799.000000 0.004945
3800.000000 0.004260
3801.000000 0.002955
3802.000000 0.001366
3803.000000 0.004069
3804.000000 0.003395
3805.000000 0.002306
3806.000000 0.007528
3807.000000 0.007411
3808.000000 0.005057
3809.000000 0.001760
3810.000000 0.000357
3811.000000 0.004646
3812.000000 0.002822
3813.000000 0.001379
3814.000000 0.006446
3815.000000 0.005314
3816.000000 0.003628
3817.000000 0.003589
3818.000000 0.003982
3819.000000 0.006869
3820.000000 0.007754
3821.000000 0.014395
3822.000000 0.017036
3823.000000 0.011097
3824.000000 0.004827
3825.000000 0.002124
3826.000000 0.001110
3827.000000 0.000615
3828.000000 0.000319
3829.000000 0.000064
3830.000000 0.004254
3831.000000 0.002530
3832.000000 0.000963
3833.000000 0.005212
3834.000000 0.004499
3835.000000 0.003125
3836.000000 0.001442
3837.000000 0.004301
3838.000000 0.003548
3839.000000 0.002312
3840.000000 0.007740
3841.000000 0.007617
3842.000000 0.005176
3843.000000 0.001766
3844.000000 0.000227
3845.000000 0.004563
3846.000000 0.002832
3847.000000 0.001134
3848.000000 0.006037
3849.000000 0.005135
3850.000000 0.003526
3851.000000 0.002133
3852.000000 0.004493
3853.000000 0.004834
3854.000000 0.004171
3855.000000 0.010525
3856.000000 0.011278
3857.000000 0.007554
3858.000000 0.002897
3859.000000 0.001208
3860.000000 0.000120
3861.000000 0.004843
3862.000000 0.002944
3863.000000 0.001100
3864.000000 0.006101
3865.000000 0.005261
3866.000000 0.003646
3867.000000 0.001656
3868.000000 0.005004
3869.000000 0.004167
3870.000000 0.002779
3871.000000 0.009182
3872.000000 0.009045
3873.000000 0.006163
3874.000000 0.002124
3875.000000 0.000354
3876.000000 0.005558
3877.000000 0.003415
3878.000000 0.001512
3879.000000 0.007540
3880.000000 0.006320
3881.000000 0.004336
3882.000000 0.003375
3883.000000 0.005205
3884.000000 0.006947
3885.000000 0.006989
3886.000000 0.014922
3887.000000 0.016837
3888.000000 0.011132
3889.000000 0.004569
3890.000000 0.001906
3891.000000 0.001388
3892.000000 0.000122
3893.000000 0.005664
3894.000000 0.003387
3895.000000 0.001294
3896.000000 0.007028
3897.000000 0.006054
3898.000000 0.004207
3899.000000 0.001950
3900.000000 0.005798
3901.000000 0.004800
3902.000000 0.003179
3903.000000 0.010536
3904.000000 0.010368
3905.000000 0.007056
3906.000000 0.002414
3907.000000 0.000352
3908.000000 0.006283
3909.000000 0.003887
3910.000000 0.001605
3911.000000 0.008376
3912.000000 0.007103
3913.000000 0.004891
3914.000000 0.003032
3915.000000 0.006259
3916.000000 0.006771
3917.000000 0.005940
3918.000000 0.014829
3919.000000 0.015892
3920.000000 0.010657
3921.000000 0.004099
3922.000000 0.001685
3923.000000 0.000239
3924.000000 0.006949
3925.000000 0.004203
3926.000000 0.001637
3927.000000 0.008852
3928.000000 0.007597
3929.000000 0.005287
3930.000000 0.002504
3931.000000 0.007319
3932.000000 0.006112
3933.000000 0.004243
3934.000000 0.013654
3935.000000 0.013430
3936.000000 0.009178
3937.000000 0.003197
3938.000000 0.000701
3939.000000 0.008505
3940.000000 0.005155
3941.000000 0.002555
3942.000000 0.011835
3943.000000 0.009763
3944.000000 0.006696
3945.000000 0.006371
3946.000000 0.007576
3947.000000 0.012266
3948.000000 0.013627
3949.000000 0.026012
3950.000000 0.030411
3951.000000 0.019905
3952.000000 0.008548
3953.000000 0.003652
3954.000000 0.002114
3955.000000 0.001212
3956.000000 0.000255
3957.000000 0.008563
3958.000000 0.005052
3959.000000 0.002021
3960.000000 0.010649
3961.000000 0.009126
3962.000000 0.006374
3963.000000 0.003088
3964.000000 0.008866
3965.000000 0.007333
3966.000000 0.005008
3967.000000 0.016252
3968.000000 0.015960
3969.000000 0.010881
3970.000000 0.003734
3971.000000 0.000654
3972.000000 0.009831
3973.000000 0.006043
3974.000000 0.002621
3975.000000 0.013231
3976.000000 0.011162
3977.000000 0.007714
3978.000000 0.004948
3979.000000 0.009926
3980.000000 0.010813
3981.000000 0.009702
3982.000000 0.023856
3983.000000 0.025554
3984.000000 0.017156
3985.000000 0.006618
3986.000000 0.002670
3987.000000 0.000530
3988.000000 0.011416
3989.000000 0.006858
3990.000000 0.002802
3991.000000 0.014703
3992.000000 0.012547
3993.000000 0.008770
3994.000000 0.004306
3995.000000 0.012238
3996.000000 0.010233
3997.000000 0.007326
3998.000000 0.023099
3999.000000 0.022680
4000.000000 0.015533
4001.000000 0.005410
4002.000000 0.001305
4003.000000 0.014560
4004.000000 0.008806
4005.000000 0.004415
4006.000000 0.020293
4007.000000 0.016789
4008.000000 0.011620
4009.000000 0.009899
4010.000000 0.014068
4011.000000 0.019461
4012.000000 0.020563
4013.000000 0.042430
4014.000000 0.047965
4015.000000 0.031773
4016.000000 0.013168
4017.000000 0.005229
4018.000000 0.004003
4019.000000 0.001028
4020.000000 0.017420
4021.000000 0.010200
4022.000000 0.004523
4023.000000 0.022495
4024.000000 0.019019
4025.000000 0.013420
4026.000000 0.007131
4027.000000 0.019048
4028.000000 0.015907
4029.000000 0.011995
4030.000000 0.036522
4031.000000 0.035732
4032.000000 0.024548
4033.000000 0.008585
4034.000000 0.002492
4035.000000 0.023558
4036.000000 0.014133
4037.000000 0.007479
4038.000000 0.033175
4039.000000 0.027414
4040.000000 0.019249
4041.000000 0.014559
4042.000000 0.025389
4043.000000 0.028935
4044.000000 0.028945
4045.000000 0.066233
4046.000000 0.071005
4047.000000 0.047951
4048.000000 0.018983
4049.000000 0.006795
4050.000000 0.004217
4051.000000 0.036175
4052.000000 0.020787
4053.000000 0.011991
4054.000000 0.050706
4055.000000 0.041596
4056.000000 0.030030
4057.000000 0.020452
4058.000000 0.044897
4059.000000 0.038831
4060.000000 0.037533
4061.000000 0.097960
4062.000000 0.094959
4063.000000 0.066267
4064.000000 0.026282
4065.000000 0.018709
4066.000000 0.078474
4067.000000 0.041373
4068.000000 0.047109
4069.000000 0.134546
4070.000000 0.097133
4071.000000 0.063727
4072.000000 0.187931
4073.000000 0.011560
4074.000000 0.298180
4075.000000 0.447231
4076.000000 0.558630
4077.000000 0.772974
4078.000000 0.478128
4079.000000 0.246210
4080.000000 0.132903
4081.000000 0.040512
4082.000000 0.009584
4083.000000 0.001829
4084.000000 0.000142
4085.000000 0.000024
