0.000000 0.000000
0.000245 0.016146
0.000489 0.032291
0.000734 0.048435
0.000979 0.064576
0.001224 0.080713
0.001468 0.096846
0.001713 0.112974
0.001958 0.129096
0.002203 0.145211
0.002447 0.161318
0.002692 0.177416
0.002937 0.193505
0.003182 0.209584
0.003426 0.225651
0.003671 0.241706
0.003916 0.257748
0.004161 0.273777
0.004405 0.289790
0.004650 0.305788
0.004895 0.321770
0.005140 0.337735
0.005384 0.353681
0.005629 0.369609
0.005874 0.385517
0.006118 0.401404
0.006363 0.417269
0.006608 0.433113
0.006853 0.448933
0.007097 0.464729
0.007342 0.480500
0.007587 0.496246
0.007832 0.511965
0.008076 0.527657
0.008321 0.543321
0.008566 0.558956
0.008811 0.574561
0.009055 0.590135
0.009300 0.605679
0.009545 0.621189
0.009790 0.636667
0.010034 0.652111
0.010279 0.667521
0.010524 0.682894
0.010768 0.698232
0.011013 0.713533
0.011258 0.728796
0.011503 0.744020
0.011747 0.759205
0.011992 0.774350
0.012237 0.789453
0.012482 0.804516
0.012726 0.819535
0.012971 0.834512
0.013216 0.849444
0.013461 0.864332
0.013705 0.879174
0.013950 0.893970
0.014195 0.908719
0.014440 0.923421
0.014684 0.938074
0.014929 0.952677
0.015174 0.967231
0.015419 0.981734
0.015663 0.996186
0.015908 1.010586
0.016153 1.024933
0.016397 1.039227
0.016642 1.053466
0.016887 1.067651
0.017132 1.081780
0.017376 1.095853
0.017621 1.109869
0.017866 1.123828
0.018111 1.137728
0.018355 1.151570
0.018600 1.165352
0.018845 1.179074
0.019090 1.192735
0.019334 1.206335
0.019579 1.219872
0.019824 1.233347
0.020069 1.246759
0.020313 1.260106
0.020558 1.273390
0.020803 1.286608
0.021047 1.299760
0.021292 1.312846
0.021537 1.325865
0.021782 1.338816
0.022026 1.351700
0.022271 1.364515
0.022516 1.377261
0.022761 1.389937
0.023005 1.402542
0.023250 1.415077
0.023495 1.427541
0.023740 1.439932
0.023984 1.452252
0.024229 1.464498
0.024474 1.476671
0.024719 1.488770
0.024963 1.500795
0.025208 1.512744
0.025453 1.524619
0.025698 1.536417
0.025942 1.548140
0.026187 1.559785
0.026432 1.571353
0.026676 1.582844
0.026921 1.594256
0.027166 1.605590
0.027411 1.616845
0.027655 1.628021
0.027900 1.639116
0.028145 1.650132
0.028390 1.661067
0.028634 1.671921
0.028879 1.682694
0.029124 1.693385
0.029369 1.703993
0.029613 1.714520
0.029858 1.724963
0.030103 1.735324
0.030348 1.745601
0.030592 1.755794
0.030837 1.765903
0.031082 1.775928
0.031326 1.785867
0.031571 1.795722
0.031816 1.805492
0.032061 1.815176
0.032305 1.824773
0.032550 1.834285
0.032795 1.843711
0.033040 1.853049
0.033284 1.862301
0.033529 1.871466
0.033774 1.880543
0.034019 1.889532
0.034263 1.898434
0.034508 1.907248
0.034753 1.915973
0.034998 1.924610
0.035242 1.933159
0.035487 1.941618
0.035732 1.949989
0.035977 1.958271
0.036221 1.966463
0.036466 1.974566
0.036711 1.982580
0.036955 1.990504
0.037200 1.998338
0.037445 2.006082
0.037690 2.013736
0.037934 2.021300
0.038179 2.028774
0.038424 2.036157
0.038669 2.043451
0.038913 2.050654
0.039158 2.057766
0.039403 2.064788
0.039648 2.071719
0.039892 2.078560
0.040137 2.085310
0.040382 2.091970
0.040627 2.098539
0.040871 2.105017
0.041116 2.111405
0.041361 2.117702
0.041605 2.123908
0.041850 2.130024
0.042095 2.136049
0.042340 2.141984
0.042584 2.147828
0.042829 2.153582
0.043074 2.159246
0.043319 2.164820
0.043563 2.170303
0.043808 2.175696
0.044053 2.181000
0.044298 2.186213
0.044542 2.191337
0.044787 2.196371
0.045032 2.201315
0.045277 2.206171
0.045521 2.210937
0.045766 2.215614
0.046011 2.220202
0.046256 2.224701
0.046500 2.229112
0.046745 2.233434
0.046990 2.237668
0.047234 2.241814
0.047479 2.245872
0.047724 2.249843
0.047969 2.253726
0.048213 2.257522
0.048458 2.261232
0.048703 2.264854
0.048948 2.268390
0.049192 2.271840
0.049437 2.275204
0.049682 2.278482
0.049927 2.281675
0.050171 2.284782
0.050416 2.287805
0.050661 2.290744
0.050906 2.293598
0.051150 2.296368
0.051395 2.299054
0.051640 2.301657
0.051884 2.304177
0.052129 2.306615
0.052374 2.308970
0.052619 2.311243
0.052863 2.313435
0.053108 2.315545
0.053353 2.317575
0.053598 2.319523
0.053842 2.321392
0.054087 2.323181
0.054332 2.324891
0.054577 2.326521
0.054821 2.328073
0.055066 2.329547
0.055311 2.330943
0.055556 2.332262
0.055800 2.333504
0.056045 2.334669
0.056290 2.335758
0.056535 2.336772
0.056779 2.337710
0.057024 2.338574
0.057269 2.339364
0.057513 2.340079
0.057758 2.340722
0.058003 2.341291
0.058248 2.341788
0.058492 2.342214
0.058737 2.342567
0.058982 2.342850
0.059227 2.343063
0.059471 2.343205
0.059716 2.343279
0.059961 2.343283
0.060206 2.343219
0.060450 2.343087
0.060695 2.342888
0.060940 2.342622
0.061185 2.342290
0.061429 2.341892
0.061674 2.341429
0.061919 2.340901
0.062163 2.340309
0.062408 2.339654
0.062653 2.338936
0.062898 2.338155
0.063142 2.337313
0.063387 2.336409
0.063632 2.335445
0.063877 2.334421
0.064121 2.333337
0.064366 2.332195
0.064611 2.330994
0.064856 2.329735
0.065100 2.328420
0.065345 2.327048
0.065590 2.325619
0.065835 2.324136
0.066079 2.322598
0.066324 2.321006
0.066569 2.319361
0.066814 2.317662
0.067058 2.315912
0.067303 2.314110
0.067548 2.312257
0.067792 2.310354
0.068037 2.308401
0.068282 2.306399
0.068527 2.304349
0.068771 2.302251
0.069016 2.300106
0.069261 2.297914
0.069506 2.295677
0.069750 2.293394
0.069995 2.291067
0.070240 2.288697
0.070485 2.286283
0.070729 2.283826
0.070974 2.281328
0.071219 2.278788
0.071464 2.276208
0.071708 2.273588
0.071953 2.270929
0.072198 2.268231
0.072442 2.265496
0.072687 2.262723
0.072932 2.259914
0.073177 2.257069
0.073421 2.254188
0.073666 2.251273
0.073911 2.248325
0.074156 2.245343
0.074400 2.242329
0.074645 2.239283
0.074890 2.236205
0.075135 2.233098
0.075379 2.229960
0.075624 2.226794
0.075869 2.223599
0.076114 2.220376
0.076358 2.217127
0.076603 2.213851
0.076848 2.210549
0.077093 2.207222
0.077337 2.203871
0.077582 2.200496
0.077827 2.197099
0.078071 2.193678
0.078316 2.190237
0.078561 2.186774
0.078806 2.183291
0.079050 2.179789
0.079295 2.176267
0.079540 2.172728
0.079785 2.169170
0.080029 2.165596
0.080274 2.162006
0.080519 2.158400
0.080764 2.154779
0.081008 2.151143
0.081253 2.147495
0.081498 2.143833
0.081743 2.140159
0.081987 2.136474
0.082232 2.132777
0.082477 2.129070
0.082721 2.125354
0.082966 2.121629
0.083211 2.117895
0.083456 2.114154
0.083700 2.110406
0.083945 2.106651
0.084190 2.102890
0.084435 2.099125
0.084679 2.095355
0.084924 2.091581
0.085169 2.087804
0.085414 2.084024
0.085658 2.080243
0.085903 2.076460
0.086148 2.072677
0.086393 2.068893
0.086637 2.065110
0.086882 2.061328
0.087127 2.057548
0.087372 2.053771
0.087616 2.049996
0.087861 2.046225
0.088106 2.042458
0.088350 2.038696
0.088595 2.034939
0.088840 2.031189
0.089085 2.027445
0.089329 2.023708
0.089574 2.019978
0.089819 2.016257
0.090064 2.012545
0.090308 2.008842
0.090553 2.005150
0.090798 2.001467
0.091043 1.997796
0.091287 1.994137
0.091532 1.990490
0.091777 1.986855
0.092022 1.983234
0.092266 1.979626
0.092511 1.976033
0.092756 1.972455
0.093000 1.968892
0.093245 1.965346
0.093490 1.961815
0.093735 1.958302
0.093979 1.954806
0.094224 1.951328
0.094469 1.947868
0.094714 1.944427
0.094958 1.941006
0.095203 1.937604
0.095448 1.934223
0.095693 1.930863
0.095937 1.927524
0.096182 1.924207
0.096427 1.920912
0.096672 1.917640
0.096916 1.914391
0.097161 1.911166
0.097406 1.907964
0.097651 1.904787
0.097895 1.901635
0.098140 1.898508
0.098385 1.895407
0.098629 1.892332
0.098874 1.889283
0.099119 1.886262
0.099364 1.883267
0.099608 1.880301
0.099853 1.877362
0.100098 1.874452
0.100343 1.871571
0.100587 1.868719
0.100832 1.865896
0.101077 1.863104
0.101322 1.860342
0.101566 1.857610
0.101811 1.854909
0.102056 1.852240
0.102301 1.849602
0.102545 1.846996
0.102790 1.844423
0.103035 1.841882
0.103279 1.839374
0.103524 1.836899
0.103769 1.834457
0.104014 1.832049
0.104258 1.829676
0.104503 1.827336
0.104748 1.825031
0.104993 1.822761
0.105237 1.820526
0.105482 1.818327
0.105727 1.816163
0.105972 1.814035
0.106216 1.811943
0.106461 1.809887
0.106706 1.807868
0.106951 1.805885
0.107195 1.803939
0.107440 1.802031
0.107685 1.800160
0.107930 1.798326
0.108174 1.796530
0.108419 1.794772
0.108664 1.793052
0.108908 1.791370
0.109153 1.789727
0.109398 1.788122
0.109643 1.786556
0.109887 1.785029
0.110132 1.783540
0.110377 1.782091
0.110622 1.780681
0.110866 1.779310
0.111111 1.777979
0.111356 1.776687
0.111601 1.775435
0.111845 1.774223
0.112090 1.773051
0.112335 1.771918
0.112580 1.770825
0.112824 1.769773
0.113069 1.768761
0.113314 1.767788
0.113558 1.766856
0.113803 1.765965
0.114048 1.765113
0.114293 1.764302
0.114537 1.763531
0.114782 1.762801
0.115027 1.762111
0.115272 1.761462
0.115516 1.760853
0.115761 1.760284
0.116006 1.759756
0.116251 1.759268
0.116495 1.758820
0.116740 1.758413
0.116985 1.758046
0.117230 1.757719
0.117474 1.757433
0.117719 1.757187
0.117964 1.756980
0.118209 1.756814
0.118453 1.756688
0.118698 1.756602
0.118943 1.756555
0.119187 1.756549
0.119432 1.756582
0.119677 1.756654
0.119922 1.756766
0.120166 1.756918
0.120411 1.757108
0.120656 1.757338
0.120901 1.757607
0.121145 1.757914
0.121390 1.758261
0.121635 1.758646
0.121880 1.759069
0.122124 1.759531
0.122369 1.760031
0.122614 1.760569
0.122859 1.761144
0.123103 1.761757
0.123348 1.762408
0.123593 1.763096
0.123837 1.763822
0.124082 1.764584
0.124327 1.765382
0.124572 1.766218
0.124816 1.767089
0.125061 1.767997
0.125306 1.768941
0.125551 1.769920
0.125795 1.770935
0.126040 1.771985
0.126285 1.773070
0.126530 1.774190
0.126774 1.775344
0.127019 1.776533
0.127264 1.777755
0.127509 1.779012
0.127753 1.780301
0.127998 1.781624
0.128243 1.782980
0.128488 1.784369
0.128732 1.785790
0.128977 1.787243
0.129222 1.788728
0.129466 1.790245
0.129711 1.791793
0.129956 1.793372
0.130201 1.794981
0.130445 1.796621
0.130690 1.798291
0.130935 1.799991
0.131180 1.801720
0.131424 1.803478
0.131669 1.805265
0.131914 1.807081
0.132159 1.808924
0.132403 1.810796
0.132648 1.812694
0.132893 1.814620
0.133138 1.816573
0.133382 1.818552
0.133627 1.820558
0.133872 1.822589
0.134116 1.824645
0.134361 1.826727
0.134606 1.828833
0.134851 1.830963
0.135095 1.833117
0.135340 1.835295
0.135585 1.837496
0.135830 1.839720
0.136074 1.841967
0.136319 1.844235
0.136564 1.846525
0.136809 1.848837
0.137053 1.851169
0.137298 1.853522
0.137543 1.855895
0.137788 1.858288
0.138032 1.860700
0.138277 1.863131
0.138522 1.865581
0.138767 1.868048
0.139011 1.870534
0.139256 1.873037
0.139501 1.875557
0.139745 1.878093
0.139990 1.880646
0.140235 1.883214
0.140480 1.885798
0.140724 1.888397
0.140969 1.891010
0.141214 1.893637
0.141459 1.896278
0.141703 1.898932
0.141948 1.901599
0.142193 1.904279
0.142438 1.906970
0.142682 1.909673
0.142927 1.912387
0.143172 1.915112
0.143417 1.917848
0.143661 1.920593
0.143906 1.923347
0.144151 1.926111
0.144395 1.928883
0.144640 1.931664
0.144885 1.934452
0.145130 1.937248
0.145374 1.940051
0.145619 1.942860
0.145864 1.945675
0.146109 1.948496
0.146353 1.951323
0.146598 1.954154
0.146843 1.956989
0.147088 1.959829
0.147332 1.962672
0.147577 1.965518
0.147822 1.968367
0.148067 1.971218
0.148311 1.974071
0.148556 1.976925
0.148801 1.979781
0.149046 1.982637
0.149290 1.985493
0.149535 1.988350
0.149780 1.991205
0.150024 1.994060
0.150269 1.996913
0.150514 1.999764
0.150759 2.002613
0.151003 2.005459
0.151248 2.008302
0.151493 2.011142
0.151738 2.013978
0.151982 2.016810
0.152227 2.019636
0.152472 2.022458
0.152717 2.025274
0.152961 2.028085
0.153206 2.030889
0.153451 2.033687
0.153696 2.036477
0.153940 2.039260
0.154185 2.042035
0.154430 2.044802
0.154674 2.047561
0.154919 2.050310
0.155164 2.053050
0.155409 2.055781
0.155653 2.058501
0.155898 2.061211
0.156143 2.063910
0.156388 2.066598
0.156632 2.069274
0.156877 2.071939
0.157122 2.074591
0.157367 2.077230
0.157611 2.079857
0.157856 2.082470
0.158101 2.085070
0.158346 2.087656
0.158590 2.090228
0.158835 2.092784
0.159080 2.095326
0.159325 2.097853
0.159569 2.100364
0.159814 2.102859
0.160059 2.105337
0.160303 2.107800
0.160548 2.110245
0.160793 2.112673
0.161038 2.115084
0.161282 2.117477
0.161527 2.119851
0.161772 2.122208
0.162017 2.124545
0.162261 2.126864
0.162506 2.129164
0.162751 2.131444
0.162996 2.133704
0.163240 2.135944
0.163485 2.138164
0.163730 2.140364
0.163975 2.142542
0.164219 2.144700
0.164464 2.146836
0.164709 2.148950
0.164953 2.151043
0.165198 2.153114
0.165443 2.155163
0.165688 2.157189
0.165932 2.159192
0.166177 2.161172
0.166422 2.163130
0.166667 2.165064
0.166911 2.166974
0.167156 2.168860
0.167401 2.170723
0.167646 2.172562
0.167890 2.174376
0.168135 2.176166
0.168380 2.177931
0.168625 2.179671
0.168869 2.181386
0.169114 2.183076
0.169359 2.184741
0.169604 2.186380
0.169848 2.187994
0.170093 2.189582
0.170338 2.191144
0.170582 2.192679
0.170827 2.194189
0.171072 2.195673
0.171317 2.197130
0.171561 2.198560
0.171806 2.199964
0.172051 2.201342
0.172296 2.202692
0.172540 2.204016
0.172785 2.205312
0.173030 2.206582
0.173275 2.207824
0.173519 2.209039
0.173764 2.210227
0.174009 2.211388
0.174254 2.212521
0.174498 2.213626
0.174743 2.214705
0.174988 2.215755
0.175233 2.216779
0.175477 2.217774
0.175722 2.218742
0.175967 2.219682
0.176211 2.220595
0.176456 2.221480
0.176701 2.222338
0.176946 2.223167
0.177190 2.223969
0.177435 2.224744
0.177680 2.225491
0.177925 2.226210
0.178169 2.226902
0.178414 2.227566
0.178659 2.228203
0.178904 2.228812
0.179148 2.229394
0.179393 2.229949
0.179638 2.230477
0.179883 2.230977
0.180127 2.231450
0.180372 2.231896
0.180617 2.232315
0.180861 2.232708
0.181106 2.233073
0.181351 2.233412
0.181596 2.233724
0.181840 2.234010
0.182085 2.234270
0.182330 2.234503
0.182575 2.234710
0.182819 2.234892
0.183064 2.235047
0.183309 2.235177
0.183554 2.235281
0.183798 2.235360
0.184043 2.235413
0.184288 2.235442
0.184533 2.235446
0.184777 2.235425
0.185022 2.235379
0.185267 2.235309
0.185512 2.235215
0.185756 2.235097
0.186001 2.234955
0.186246 2.234789
0.186490 2.234600
0.186735 2.234388
0.186980 2.234153
0.187225 2.233895
0.187469 2.233615
0.187714 2.233312
0.187959 2.232988
0.188204 2.232641
0.188448 2.232274
0.188693 2.231884
0.188938 2.231474
0.189183 2.231043
0.189427 2.230591
0.189672 2.230120
0.189917 2.229628
0.190162 2.229116
0.190406 2.228585
0.190651 2.228035
0.190896 2.227466
0.191140 2.226879
0.191385 2.226273
0.191630 2.225650
0.191875 2.225009
0.192119 2.224350
0.192364 2.223674
0.192609 2.222982
0.192854 2.222274
0.193098 2.221549
0.193343 2.220809
0.193588 2.220053
0.193833 2.219282
0.194077 2.218497
0.194322 2.217697
0.194567 2.216884
0.194812 2.216057
0.195056 2.215216
0.195301 2.214363
0.195546 2.213497
0.195791 2.212619
0.196035 2.211729
0.196280 2.210828
0.196525 2.209916
0.196769 2.208993
0.197014 2.208060
0.197259 2.207117
0.197504 2.206165
0.197748 2.205203
0.197993 2.204233
0.198238 2.203255
0.198483 2.202269
0.198727 2.201276
0.198972 2.200275
0.199217 2.199268
0.199462 2.198255
0.199706 2.197236
0.199951 2.196211
0.200196 2.195182
0.200441 2.194148
0.200685 2.193110
0.200930 2.192069
0.201175 2.191024
0.201419 2.189977
0.201664 2.188927
0.201909 2.187876
0.202154 2.186823
0.202398 2.185769
0.202643 2.184715
0.202888 2.183661
0.203133 2.182607
0.203377 2.181554
0.203622 2.180502
0.203867 2.179452
0.204112 2.178405
0.204356 2.177360
0.204601 2.176318
0.204846 2.175280
0.205091 2.174246
0.205335 2.173216
0.205580 2.172192
0.205825 2.171173
0.206070 2.170161
0.206314 2.169154
0.206559 2.168155
0.206804 2.167163
0.207048 2.166179
0.207293 2.165203
0.207538 2.164236
0.207783 2.163279
0.208027 2.162332
0.208272 2.161394
0.208517 2.160468
0.208762 2.159553
0.209006 2.158649
0.209251 2.157758
0.209496 2.156880
0.209741 2.156014
0.209985 2.155163
0.210230 2.154326
0.210475 2.153503
0.210720 2.152695
0.210964 2.151904
0.211209 2.151128
0.211454 2.150369
0.211698 2.149627
0.211943 2.148902
0.212188 2.148196
0.212433 2.147508
0.212677 2.146839
0.212922 2.146190
0.213167 2.145561
0.213412 2.144952
0.213656 2.144364
0.213901 2.143798
0.214146 2.143253
0.214391 2.142731
0.214635 2.142232
0.214880 2.141756
0.215125 2.141304
0.215370 2.140876
0.215614 2.140473
0.215859 2.140096
0.216104 2.139743
0.216349 2.139418
0.216593 2.139118
0.216838 2.138846
0.217083 2.138601
0.217327 2.138385
0.217572 2.138197
0.217817 2.138037
0.218062 2.137908
0.218306 2.137808
0.218551 2.137738
0.218796 2.137699
0.219041 2.137691
0.219285 2.137715
0.219530 2.137771
0.219775 2.137859
0.220020 2.137981
0.220264 2.138135
0.220509 2.138324
0.220754 2.138547
0.220999 2.138804
0.221243 2.139096
0.221488 2.139424
0.221733 2.139788
0.221977 2.140189
0.222222 2.140626
0.222467 2.141100
0.222712 2.141611
0.222956 2.142161
0.223201 2.142749
0.223446 2.143376
0.223691 2.144042
0.223935 2.144747
0.224180 2.145492
0.224425 2.146278
0.224670 2.147104
0.224914 2.147971
0.225159 2.148880
0.225404 2.149830
0.225649 2.150823
0.225893 2.151858
0.226138 2.152936
0.226383 2.154057
0.226628 2.155222
0.226872 2.156430
0.227117 2.157683
0.227362 2.158980
0.227606 2.160322
0.227851 2.161709
0.228096 2.163142
0.228341 2.164621
0.228585 2.166146
0.228830 2.167717
0.229075 2.169335
0.229320 2.171000
0.229564 2.172712
0.229809 2.174472
0.230054 2.176280
0.230299 2.178136
0.230543 2.180041
0.230788 2.181994
0.231033 2.183996
0.231278 2.186048
0.231522 2.188149
0.231767 2.190299
0.232012 2.192500
0.232256 2.194751
0.232501 2.197052
0.232746 2.199404
0.232991 2.201807
0.233235 2.204261
0.233480 2.206766
0.233725 2.209323
0.233970 2.211931
0.234214 2.214591
0.234459 2.217304
0.234704 2.220068
0.234949 2.222886
0.235193 2.225755
0.235438 2.228678
0.235683 2.231653
0.235928 2.234682
0.236172 2.237763
0.236417 2.240898
0.236662 2.244087
0.236907 2.247329
0.237151 2.250625
0.237396 2.253975
0.237641 2.257379
0.237885 2.260837
0.238130 2.264349
0.238375 2.267915
0.238620 2.271535
0.238864 2.275210
0.239109 2.278940
0.239354 2.282724
0.239599 2.286563
0.239843 2.290456
0.240088 2.294404
0.240333 2.298407
0.240578 2.302465
0.240822 2.306577
0.241067 2.310745
0.241312 2.314967
0.241557 2.319244
0.241801 2.323576
0.242046 2.327963
0.242291 2.332405
0.242535 2.336901
0.242780 2.341452
0.243025 2.346058
0.243270 2.350719
0.243514 2.355435
0.243759 2.360205
0.244004 2.365030
0.244249 2.369909
0.244493 2.374843
0.244738 2.379831
0.244983 2.384873
0.245228 2.389970
0.245472 2.395120
0.245717 2.400325
0.245962 2.405584
0.246207 2.410896
0.246451 2.416262
0.246696 2.421681
0.246941 2.427154
0.247186 2.432680
0.247430 2.438259
0.247675 2.443891
0.247920 2.449576
0.248164 2.455313
0.248409 2.461103
0.248654 2.466945
0.248899 2.472839
0.249143 2.478785
0.249388 2.484782
0.249633 2.490831
0.249878 2.496931
0.250122 2.503082
0.250367 2.509283
0.250612 2.515536
0.250857 2.521838
0.251101 2.528190
0.251346 2.534592
0.251591 2.541044
0.251836 2.547545
0.252080 2.554094
0.252325 2.560693
0.252570 2.567339
0.252814 2.574034
0.253059 2.580776
0.253304 2.587566
0.253549 2.594403
0.253793 2.601286
0.254038 2.608216
0.254283 2.615192
0.254528 2.622214
0.254772 2.629282
0.255017 2.636394
0.255262 2.643551
0.255507 2.650752
0.255751 2.657997
0.255996 2.665286
0.256241 2.672618
0.256486 2.679993
0.256730 2.687410
0.256975 2.694869
0.257220 2.702370
0.257465 2.709911
0.257709 2.717494
0.257954 2.725116
0.258199 2.732779
0.258443 2.740481
0.258688 2.748222
0.258933 2.756001
0.259178 2.763818
0.259422 2.771673
0.259667 2.779565
0.259912 2.787493
0.260157 2.795458
0.260401 2.803458
0.260646 2.811494
0.260891 2.819564
0.261136 2.827668
0.261380 2.835805
0.261625 2.843976
0.261870 2.852179
0.262115 2.860415
0.262359 2.868681
0.262604 2.876979
0.262849 2.885307
0.263093 2.893665
0.263338 2.902053
0.263583 2.910469
0.263828 2.918913
0.264072 2.927385
0.264317 2.935883
0.264562 2.944409
0.264807 2.952960
0.265051 2.961536
0.265296 2.970137
0.265541 2.978762
0.265786 2.987411
0.266030 2.996082
0.266275 3.004776
0.266520 3.013491
0.266765 3.022227
0.267009 3.030983
0.267254 3.039760
0.267499 3.048555
0.267744 3.057369
0.267988 3.066200
0.268233 3.075049
0.268478 3.083914
0.268722 3.092795
0.268967 3.101692
0.269212 3.110602
0.269457 3.119527
0.269701 3.128465
0.269946 3.137415
0.270191 3.146377
0.270436 3.155350
0.270680 3.164334
0.270925 3.173327
0.271170 3.182330
0.271415 3.191341
0.271659 3.200359
0.271904 3.209385
0.272149 3.218416
0.272394 3.227454
0.272638 3.236496
0.272883 3.245542
0.273128 3.254591
0.273372 3.263644
0.273617 3.272698
0.273862 3.281753
0.274107 3.290809
0.274351 3.299864
0.274596 3.308919
0.274841 3.317972
0.275086 3.327022
0.275330 3.336070
0.275575 3.345113
0.275820 3.354151
0.276065 3.363185
0.276309 3.372211
0.276554 3.381231
0.276799 3.390244
0.277044 3.399248
0.277288 3.408242
0.277533 3.417227
0.277778 3.426201
0.278023 3.435163
0.278267 3.444113
0.278512 3.453051
0.278757 3.461974
0.279001 3.470883
0.279246 3.479776
0.279491 3.488654
0.279736 3.497514
0.279980 3.506357
0.280225 3.515182
0.280470 3.523987
0.280715 3.532773
0.280959 3.541537
0.281204 3.550281
0.281449 3.559002
0.281694 3.567699
0.281938 3.576374
0.282183 3.585023
0.282428 3.593647
0.282673 3.602245
0.282917 3.610816
0.283162 3.619360
0.283407 3.627875
0.283651 3.636361
0.283896 3.644816
0.284141 3.653241
0.284386 3.661635
0.284630 3.669996
0.284875 3.678324
0.285120 3.686618
0.285365 3.694878
0.285609 3.703102
0.285854 3.711290
0.286099 3.719441
0.286344 3.727554
0.286588 3.735629
0.286833 3.743664
0.287078 3.751660
0.287323 3.759615
0.287567 3.767528
0.287812 3.775399
0.288057 3.783228
0.288302 3.791012
0.288546 3.798752
0.288791 3.806446
0.289036 3.814095
0.289280 3.821697
0.289525 3.829251
0.289770 3.836757
0.290015 3.844214
0.290259 3.851621
0.290504 3.858978
0.290749 3.866284
0.290994 3.873538
0.291238 3.880739
0.291483 3.887887
0.291728 3.894981
0.291973 3.902020
0.292217 3.909003
0.292462 3.915930
0.292707 3.922801
0.292952 3.929613
0.293196 3.936368
0.293441 3.943063
0.293686 3.949699
0.293930 3.956274
0.294175 3.962788
0.294420 3.969241
0.294665 3.975631
0.294909 3.981957
0.295154 3.988220
0.295399 3.994419
0.295644 4.000552
0.295888 4.006620
0.296133 4.012621
0.296378 4.018555
0.296623 4.024421
0.296867 4.030219
0.297112 4.035948
0.297357 4.041607
0.297602 4.047196
0.297846 4.052714
0.298091 4.058160
0.298336 4.063534
0.298581 4.068836
0.298825 4.074064
0.299070 4.079218
0.299315 4.084298
0.299559 4.089302
0.299804 4.094231
0.300049 4.099083
0.300294 4.103858
0.300538 4.108556
0.300783 4.113176
0.301028 4.117718
0.301273 4.122180
0.301517 4.126563
0.301762 4.130865
0.302007 4.135087
0.302252 4.139227
0.302496 4.143285
0.302741 4.147261
0.302986 4.151155
0.303231 4.154965
0.303475 4.158691
0.303720 4.162332
0.303965 4.165889
0.304209 4.169361
0.304454 4.172746
0.304699 4.176046
0.304944 4.179258
0.305188 4.182384
0.305433 4.185422
0.305678 4.188372
0.305923 4.191233
0.306167 4.194005
0.306412 4.196688
0.306657 4.199281
0.306902 4.201784
0.307146 4.204197
0.307391 4.206518
0.307636 4.208748
0.307881 4.210886
0.308125 4.212932
0.308370 4.214886
0.308615 4.216746
0.308860 4.218513
0.309104 4.220187
0.309349 4.221767
0.309594 4.223253
0.309838 4.224643
0.310083 4.225940
0.310328 4.227140
0.310573 4.228246
0.310817 4.229255
0.311062 4.230168
0.311307 4.230985
0.311552 4.231705
0.311796 4.232329
0.312041 4.232855
0.312286 4.233283
0.312531 4.233614
0.312775 4.233847
0.313020 4.233982
0.313265 4.234019
0.313510 4.233956
0.313754 4.233795
0.313999 4.233535
0.314244 4.233176
0.314488 4.232718
0.314733 4.232159
0.314978 4.231502
0.315223 4.230744
0.315467 4.229886
0.315712 4.228928
0.315957 4.227870
0.316202 4.226711
0.316446 4.225452
0.316691 4.224092
0.316936 4.222631
0.317181 4.221069
0.317425 4.219406
0.317670 4.217643
0.317915 4.215778
0.318160 4.213812
0.318404 4.211745
0.318649 4.209576
0.318894 4.207306
0.319139 4.204935
0.319383 4.202462
0.319628 4.199888
0.319873 4.197213
0.320117 4.194436
0.320362 4.191558
0.320607 4.188578
0.320852 4.185498
0.321096 4.182315
0.321341 4.179032
0.321586 4.175647
0.321831 4.172161
0.322075 4.168574
0.322320 4.164886
0.322565 4.161097
0.322810 4.157207
0.323054 4.153216
0.323299 4.149125
0.323544 4.144933
0.323789 4.140641
0.324033 4.136248
0.324278 4.131756
0.324523 4.127163
0.324767 4.122471
0.325012 4.117678
0.325257 4.112787
0.325502 4.107795
0.325746 4.102705
0.325991 4.097516
0.326236 4.092228
0.326481 4.086842
0.326725 4.081357
0.326970 4.075774
0.327215 4.070093
0.327460 4.064315
0.327704 4.058439
0.327949 4.052466
0.328194 4.046397
0.328439 4.040230
0.328683 4.033968
0.328928 4.027609
0.329173 4.021155
0.329418 4.014605
0.329662 4.007961
0.329907 4.001221
0.330152 3.994387
0.330396 3.987459
0.330641 3.980437
0.330886 3.973322
0.331131 3.966114
0.331375 3.958813
0.331620 3.951420
0.331865 3.943934
0.332110 3.936358
0.332354 3.928690
0.332599 3.920931
0.332844 3.913082
0.333089 3.905143
0.333333 3.897114
0.333578 3.888997
0.333823 3.880791
0.334068 3.872496
0.334312 3.864114
0.334557 3.855644
0.334802 3.847088
0.335047 3.838446
0.335291 3.829717
0.335536 3.820903
0.335781 3.812004
0.336025 3.803021
0.336270 3.793954
0.336515 3.784804
0.336760 3.775570
0.337004 3.766255
0.337249 3.756857
0.337494 3.747378
0.337739 3.737819
0.337983 3.728179
0.338228 3.718460
0.338473 3.708662
0.338718 3.698785
0.338962 3.688830
0.339207 3.678798
0.339452 3.668690
0.339697 3.658505
0.339941 3.648244
0.340186 3.637909
0.340431 3.627499
0.340675 3.617016
0.340920 3.606459
0.341165 3.595830
0.341410 3.585129
0.341654 3.574357
0.341899 3.563515
0.342144 3.552602
0.342389 3.541620
0.342633 3.530570
0.342878 3.519452
0.343123 3.508266
0.343368 3.497014
0.343612 3.485696
0.343857 3.474313
0.344102 3.462865
0.344347 3.451353
0.344591 3.439778
0.344836 3.428141
0.345081 3.416442
0.345326 3.404682
0.345570 3.392862
0.345815 3.380982
0.346060 3.369043
0.346304 3.357046
0.346549 3.344992
0.346794 3.332881
0.347039 3.320714
0.347283 3.308492
0.347528 3.296216
0.347773 3.283886
0.348018 3.271503
0.348262 3.259067
0.348507 3.246581
0.348752 3.234044
0.348997 3.221457
0.349241 3.208820
0.349486 3.196136
0.349731 3.183404
0.349976 3.170625
0.350220 3.157800
0.350465 3.144931
0.350710 3.132016
0.350954 3.119059
0.351199 3.106058
0.351444 3.093015
0.351689 3.079931
0.351933 3.066807
0.352178 3.053644
0.352423 3.040441
0.352668 3.027201
0.352912 3.013923
0.353157 3.000609
0.353402 2.987260
0.353647 2.973876
0.353891 2.960458
0.354136 2.947007
0.354381 2.933524
0.354626 2.920009
0.354870 2.906464
0.355115 2.892889
0.355360 2.879285
0.355605 2.865653
0.355849 2.851994
0.356094 2.838309
0.356339 2.824598
0.356583 2.810862
0.356828 2.797103
0.357073 2.783320
0.357318 2.769515
0.357562 2.755689
0.357807 2.741842
0.358052 2.727976
0.358297 2.714091
0.358541 2.700188
0.358786 2.686267
0.359031 2.672331
0.359276 2.658379
0.359520 2.644412
0.359765 2.630431
0.360010 2.616438
0.360255 2.602432
0.360499 2.588415
0.360744 2.574388
0.360989 2.560351
0.361233 2.546306
0.361478 2.532252
0.361723 2.518192
0.361968 2.504125
0.362212 2.490053
0.362457 2.475976
0.362702 2.461896
0.362947 2.447812
0.363191 2.433727
0.363436 2.419641
0.363681 2.405554
0.363926 2.391467
0.364170 2.377382
0.364415 2.363299
0.364660 2.349219
0.364905 2.335143
0.365149 2.321071
0.365394 2.307005
0.365639 2.292944
0.365884 2.278891
0.366128 2.264846
0.366373 2.250809
0.366618 2.236782
0.366862 2.222765
0.367107 2.208759
0.367352 2.194765
0.367597 2.180784
0.367841 2.166816
0.368086 2.152862
0.368331 2.138924
0.368576 2.125001
0.368820 2.111095
0.369065 2.097206
0.369310 2.083336
0.369555 2.069484
0.369799 2.055653
0.370044 2.041841
0.370289 2.028051
0.370534 2.014283
0.370778 2.000538
0.371023 1.986816
0.371268 1.973119
0.371512 1.959446
0.371757 1.945800
0.372002 1.932180
0.372247 1.918587
0.372491 1.905022
0.372736 1.891486
0.372981 1.877980
0.373226 1.864503
0.373470 1.851058
0.373715 1.837644
0.373960 1.824262
0.374205 1.810914
0.374449 1.797599
0.374694 1.784318
0.374939 1.771073
0.375184 1.757863
0.375428 1.744690
0.375673 1.731554
0.375918 1.718456
0.376163 1.705396
0.376407 1.692375
0.376652 1.679394
0.376897 1.666454
0.377141 1.653555
0.377386 1.640697
0.377631 1.627882
0.377876 1.615110
0.378120 1.602381
0.378365 1.589696
0.378610 1.577057
0.378855 1.564463
0.379099 1.551915
0.379344 1.539413
0.379589 1.526959
0.379834 1.514553
0.380078 1.502195
0.380323 1.489886
0.380568 1.477627
0.380813 1.465417
0.381057 1.453259
0.381302 1.441151
0.381547 1.429096
0.381791 1.417092
0.382036 1.405142
0.382281 1.393245
0.382526 1.381401
0.382770 1.369613
0.383015 1.357879
0.383260 1.346200
0.383505 1.334577
0.383749 1.323011
0.383994 1.311502
0.384239 1.300050
0.384484 1.288655
0.384728 1.277319
0.384973 1.266042
0.385218 1.254824
0.385463 1.243666
0.385707 1.232567
0.385952 1.221529
0.386197 1.210552
0.386442 1.199637
0.386686 1.188783
0.386931 1.177991
0.387176 1.167262
0.387420 1.156595
0.387665 1.145992
0.387910 1.135453
0.388155 1.124977
0.388399 1.114566
0.388644 1.104220
0.388889 1.093939
0.389134 1.083723
0.389378 1.073573
0.389623 1.063489
0.389868 1.053472
0.390113 1.043521
0.390357 1.033637
0.390602 1.023821
0.390847 1.014072
0.391092 1.004391
0.391336 0.994778
0.391581 0.985234
0.391826 0.975758
0.392070 0.966352
0.392315 0.957014
0.392560 0.947746
0.392805 0.938548
0.393049 0.929419
0.393294 0.920361
0.393539 0.911372
0.393784 0.902455
0.394028 0.893608
0.394273 0.884832
0.394518 0.876127
0.394763 0.867493
0.395007 0.858931
0.395252 0.850440
0.395497 0.842021
0.395742 0.833674
0.395986 0.825398
0.396231 0.817195
0.396476 0.809064
0.396721 0.801006
0.396965 0.793020
0.397210 0.785106
0.397455 0.777265
0.397699 0.769497
0.397944 0.761802
0.398189 0.754179
0.398434 0.746629
0.398678 0.739153
0.398923 0.731749
0.399168 0.724419
0.399413 0.717161
0.399657 0.709977
0.399902 0.702866
0.400147 0.695828
0.400392 0.688864
0.400636 0.681972
0.400881 0.675154
0.401126 0.668408
0.401371 0.661736
0.401615 0.655137
0.401860 0.648611
0.402105 0.642158
0.402349 0.635778
0.402594 0.629470
0.402839 0.623236
0.403084 0.617074
0.403328 0.610985
0.403573 0.604969
0.403818 0.599025
0.404063 0.593153
0.404307 0.587354
0.404552 0.581626
0.404797 0.575971
0.405042 0.570388
0.405286 0.564876
0.405531 0.559436
0.405776 0.554068
0.406021 0.548771
0.406265 0.543545
0.406510 0.538389
0.406755 0.533305
0.407000 0.528291
0.407244 0.523348
0.407489 0.518475
0.407734 0.513672
0.407978 0.508939
0.408223 0.504275
0.408468 0.499681
0.408713 0.495156
0.408957 0.490700
0.409202 0.486312
0.409447 0.481993
0.409692 0.477742
0.409936 0.473559
0.410181 0.469444
0.410426 0.465396
0.410671 0.461415
0.410915 0.457501
0.411160 0.453654
0.411405 0.449872
0.411650 0.446157
0.411894 0.442507
0.412139 0.438923
0.412384 0.435404
0.412628 0.431949
0.412873 0.428559
0.413118 0.425232
0.413363 0.421970
0.413607 0.418770
0.413852 0.415634
0.414097 0.412561
0.414342 0.409549
0.414586 0.406600
0.414831 0.403712
0.415076 0.400885
0.415321 0.398119
0.415565 0.395413
0.415810 0.392768
0.416055 0.390182
0.416300 0.387655
0.416544 0.385187
0.416789 0.382777
0.417034 0.380425
0.417279 0.378131
0.417523 0.375894
0.417768 0.373714
0.418013 0.371590
0.418257 0.369522
0.418502 0.367509
0.418747 0.365551
0.418992 0.363648
0.419236 0.361799
0.419481 0.360003
0.419726 0.358261
0.419971 0.356571
0.420215 0.354933
0.420460 0.353347
0.420705 0.351813
0.420950 0.350329
0.421194 0.348895
0.421439 0.347511
0.421684 0.346177
0.421929 0.344891
0.422173 0.343654
0.422418 0.342464
0.422663 0.341322
0.422907 0.340227
0.423152 0.339178
0.423397 0.338174
0.423642 0.337216
0.423886 0.336303
0.424131 0.335434
0.424376 0.334608
0.424621 0.333826
0.424865 0.333087
0.425110 0.332389
0.425355 0.331733
0.425600 0.331118
0.425844 0.330544
0.426089 0.330010
0.426334 0.329515
0.426579 0.329059
0.426823 0.328641
0.427068 0.328261
0.427313 0.327918
0.427558 0.327612
0.427802 0.327343
0.428047 0.327108
0.428292 0.326909
0.428536 0.326744
0.428781 0.326613
0.429026 0.326515
0.429271 0.326451
0.429515 0.326418
0.429760 0.326417
0.430005 0.326447
0.430250 0.326507
0.430494 0.326598
0.430739 0.326717
0.430984 0.326866
0.431229 0.327043
0.431473 0.327247
0.431718 0.327479
0.431963 0.327737
0.432208 0.328020
0.432452 0.328330
0.432697 0.328664
0.432942 0.329022
0.433186 0.329404
0.433431 0.329809
0.433676 0.330236
0.433921 0.330685
0.434165 0.331156
0.434410 0.331647
0.434655 0.332158
0.434900 0.332689
0.435144 0.333239
0.435389 0.333808
0.435634 0.334394
0.435879 0.334998
0.436123 0.335618
0.436368 0.336255
0.436613 0.336907
0.436858 0.337574
0.437102 0.338255
0.437347 0.338951
0.437592 0.339659
0.437837 0.340381
0.438081 0.341114
0.438326 0.341860
0.438571 0.342616
0.438815 0.343383
0.439060 0.344159
0.439305 0.344945
0.439550 0.345740
0.439794 0.346543
0.440039 0.347354
0.440284 0.348172
0.440529 0.348996
0.440773 0.349827
0.441018 0.350663
0.441263 0.351504
0.441508 0.352350
0.441752 0.353199
0.441997 0.354052
0.442242 0.354907
0.442487 0.355765
0.442731 0.356625
0.442976 0.357486
0.443221 0.358347
0.443465 0.359209
0.443710 0.360070
0.443955 0.360930
0.444200 0.361789
0.444444 0.362646
0.444689 0.363501
0.444934 0.364353
0.445179 0.365201
0.445423 0.366046
0.445668 0.366886
0.445913 0.367721
0.446158 0.368551
0.446402 0.369375
0.446647 0.370192
0.446892 0.371003
0.447137 0.371806
0.447381 0.372602
0.447626 0.373389
0.447871 0.374168
0.448116 0.374937
0.448360 0.375696
0.448605 0.376446
0.448850 0.377185
0.449094 0.377913
0.449339 0.378629
0.449584 0.379334
0.449829 0.380026
0.450073 0.380705
0.450318 0.381372
0.450563 0.382024
0.450808 0.382663
0.451052 0.383287
0.451297 0.383896
0.451542 0.384490
0.451787 0.385068
0.452031 0.385630
0.452276 0.386176
0.452521 0.386705
0.452766 0.387216
0.453010 0.387710
0.453255 0.388186
0.453500 0.388643
0.453744 0.389082
0.453989 0.389501
0.454234 0.389901
0.454479 0.390281
0.454723 0.390641
0.454968 0.390981
0.455213 0.391300
0.455458 0.391597
0.455702 0.391873
0.455947 0.392127
0.456192 0.392359
0.456437 0.392568
0.456681 0.392755
0.456926 0.392918
0.457171 0.393058
0.457416 0.393174
0.457660 0.393267
0.457905 0.393335
0.458150 0.393378
0.458395 0.393397
0.458639 0.393391
0.458884 0.393359
0.459129 0.393301
0.459373 0.393218
0.459618 0.393109
0.459863 0.392973
0.460108 0.392811
0.460352 0.392621
0.460597 0.392405
0.460842 0.392162
0.461087 0.391891
0.461331 0.391592
0.461576 0.391265
0.461821 0.390911
0.462066 0.390528
0.462310 0.390116
0.462555 0.389676
0.462800 0.389207
0.463045 0.388709
0.463289 0.388182
0.463534 0.387626
0.463779 0.387040
0.464023 0.386424
0.464268 0.385779
0.464513 0.385103
0.464758 0.384398
0.465002 0.383662
0.465247 0.382896
0.465492 0.382100
0.465737 0.381273
0.465981 0.380416
0.466226 0.379528
0.466471 0.378609
0.466716 0.377659
0.466960 0.376678
0.467205 0.375666
0.467450 0.374623
0.467695 0.373548
0.467939 0.372443
0.468184 0.371306
0.468429 0.370138
0.468674 0.368938
0.468918 0.367707
0.469163 0.366445
0.469408 0.365150
0.469652 0.363825
0.469897 0.362468
0.470142 0.361079
0.470387 0.359659
0.470631 0.358207
0.470876 0.356724
0.471121 0.355209
0.471366 0.353663
0.471610 0.352085
0.471855 0.350476
0.472100 0.348835
0.472345 0.347163
0.472589 0.345460
0.472834 0.343725
0.473079 0.341960
0.473324 0.340163
0.473568 0.338334
0.473813 0.336475
0.474058 0.334585
0.474302 0.332664
0.474547 0.330713
0.474792 0.328730
0.475037 0.326718
0.475281 0.324674
0.475526 0.322600
0.475771 0.320496
0.476016 0.318362
0.476260 0.316198
0.476505 0.314004
0.476750 0.311780
0.476995 0.309527
0.477239 0.307244
0.477484 0.304932
0.477729 0.302591
0.477974 0.300220
0.478218 0.297821
0.478463 0.295393
0.478708 0.292937
0.478953 0.290452
0.479197 0.287940
0.479442 0.285399
0.479687 0.282830
0.479931 0.280234
0.480176 0.277611
0.480421 0.274961
0.480666 0.272283
0.480910 0.269579
0.481155 0.266848
0.481400 0.264091
0.481645 0.261308
0.481889 0.258499
0.482134 0.255665
0.482379 0.252805
0.482624 0.249920
0.482868 0.247010
0.483113 0.244076
0.483358 0.241117
0.483603 0.238134
0.483847 0.235128
0.484092 0.232097
0.484337 0.229044
0.484581 0.225967
0.484826 0.222868
0.485071 0.219746
0.485316 0.216602
0.485560 0.213437
0.485805 0.210249
0.486050 0.207041
0.486295 0.203811
0.486539 0.200561
0.486784 0.197290
0.487029 0.194000
0.487274 0.190689
0.487518 0.187359
0.487763 0.184010
0.488008 0.180642
0.488253 0.177256
0.488497 0.173852
0.488742 0.170430
0.488987 0.166990
0.489232 0.163533
0.489476 0.160060
0.489721 0.156570
0.489966 0.153063
0.490210 0.149542
0.490455 0.146004
0.490700 0.142452
0.490945 0.138885
0.491189 0.135304
0.491434 0.131708
0.491679 0.128099
0.491924 0.124477
0.492168 0.120842
0.492413 0.117195
0.492658 0.113535
0.492903 0.109863
0.493147 0.106180
0.493392 0.102487
0.493637 0.098782
0.493882 0.095067
0.494126 0.091343
0.494371 0.087608
0.494616 0.083865
0.494860 0.080113
0.495105 0.076353
0.495350 0.072584
0.495595 0.068809
0.495839 0.065025
0.496084 0.061236
0.496329 0.057439
0.496574 0.053637
0.496818 0.049829
0.497063 0.046016
0.497308 0.042199
0.497553 0.038376
0.497797 0.034550
0.498042 0.030720
0.498287 0.026887
0.498532 0.023052
0.498776 0.019213
0.499021 0.015373
0.499266 0.011531
0.499511 0.007688
0.499755 0.003844
0.500000 0.000000
0.500245 -0.003844
0.500489 -0.007688
0.500734 -0.011531
0.500979 -0.015373
0.501224 -0.019213
0.501468 -0.023052
0.501713 -0.026887
0.501958 -0.030720
0.502203 -0.034550
0.502447 -0.038376
0.502692 -0.042199
0.502937 -0.046016
0.503182 -0.049829
0.503426 -0.053637
0.503671 -0.057439
0.503916 -0.061236
0.504161 -0.065025
0.504405 -0.068809
0.504650 -0.072584
0.504895 -0.076353
0.505140 -0.080113
0.505384 -0.083865
0.505629 -0.087608
0.505874 -0.091343
0.506118 -0.095067
0.506363 -0.098782
0.506608 -0.102487
0.506853 -0.106180
0.507097 -0.109863
0.507342 -0.113535
0.507587 -0.117195
0.507832 -0.120842
0.508076 -0.124477
0.508321 -0.128099
0.508566 -0.131708
0.508811 -0.135304
0.509055 -0.138885
0.509300 -0.142452
0.509545 -0.146004
0.509790 -0.149542
0.510034 -0.153063
0.510279 -0.156570
0.510524 -0.160060
0.510768 -0.163533
0.511013 -0.166990
0.511258 -0.170430
0.511503 -0.173852
0.511747 -0.177256
0.511992 -0.180642
0.512237 -0.184010
0.512482 -0.187359
0.512726 -0.190689
0.512971 -0.194000
0.513216 -0.197290
0.513461 -0.200561
0.513705 -0.203811
0.513950 -0.207041
0.514195 -0.210249
0.514440 -0.213437
0.514684 -0.216602
0.514929 -0.219746
0.515174 -0.222868
0.515419 -0.225967
0.515663 -0.229044
0.515908 -0.232097
0.516153 -0.235128
0.516397 -0.238134
0.516642 -0.241117
0.516887 -0.244076
0.517132 -0.247010
0.517376 -0.249920
0.517621 -0.252805
0.517866 -0.255665
0.518111 -0.258499
0.518355 -0.261308
0.518600 -0.264091
0.518845 -0.266848
0.519090 -0.269579
0.519334 -0.272283
0.519579 -0.274961
0.519824 -0.277611
0.520069 -0.280234
0.520313 -0.282830
0.520558 -0.285399
0.520803 -0.287940
0.521047 -0.290452
0.521292 -0.292937
0.521537 -0.295393
0.521782 -0.297821
0.522026 -0.300220
0.522271 -0.302591
0.522516 -0.304932
0.522761 -0.307244
0.523005 -0.309527
0.523250 -0.311780
0.523495 -0.314004
0.523740 -0.316198
0.523984 -0.318362
0.524229 -0.320496
0.524474 -0.322600
0.524719 -0.324674
0.524963 -0.326718
0.525208 -0.328730
0.525453 -0.330713
0.525698 -0.332664
0.525942 -0.334585
0.526187 -0.336475
0.526432 -0.338334
0.526676 -0.340163
0.526921 -0.341960
0.527166 -0.343725
0.527411 -0.345460
0.527655 -0.347163
0.527900 -0.348835
0.528145 -0.350476
0.528390 -0.352085
0.528634 -0.353663
0.528879 -0.355209
0.529124 -0.356724
0.529369 -0.358207
0.529613 -0.359659
0.529858 -0.361079
0.530103 -0.362468
0.530348 -0.363825
0.530592 -0.365150
0.530837 -0.366445
0.531082 -0.367707
0.531326 -0.368938
0.531571 -0.370138
0.531816 -0.371306
0.532061 -0.372443
0.532305 -0.373548
0.532550 -0.374623
0.532795 -0.375666
0.533040 -0.376678
0.533284 -0.377659
0.533529 -0.378609
0.533774 -0.379528
0.534019 -0.380416
0.534263 -0.381273
0.534508 -0.382100
0.534753 -0.382896
0.534998 -0.383662
0.535242 -0.384398
0.535487 -0.385103
0.535732 -0.385779
0.535977 -0.386424
0.536221 -0.387040
0.536466 -0.387626
0.536711 -0.388182
0.536955 -0.388709
0.537200 -0.389207
0.537445 -0.389676
0.537690 -0.390116
0.537934 -0.390528
0.538179 -0.390911
0.538424 -0.391265
0.538669 -0.391592
0.538913 -0.391891
0.539158 -0.392162
0.539403 -0.392405
0.539648 -0.392621
0.539892 -0.392811
0.540137 -0.392973
0.540382 -0.393109
0.540627 -0.393218
0.540871 -0.393301
0.541116 -0.393359
0.541361 -0.393391
0.541605 -0.393397
0.541850 -0.393378
0.542095 -0.393335
0.542340 -0.393267
0.542584 -0.393174
0.542829 -0.393058
0.543074 -0.392918
0.543319 -0.392755
0.543563 -0.392568
0.543808 -0.392359
0.544053 -0.392127
0.544298 -0.391873
0.544542 -0.391597
0.544787 -0.391300
0.545032 -0.390981
0.545277 -0.390641
0.545521 -0.390281
0.545766 -0.389901
0.546011 -0.389501
0.546256 -0.389082
0.546500 -0.388643
0.546745 -0.388186
0.546990 -0.387710
0.547234 -0.387216
0.547479 -0.386705
0.547724 -0.386176
0.547969 -0.385630
0.548213 -0.385068
0.548458 -0.384490
0.548703 -0.383896
0.548948 -0.383287
0.549192 -0.382663
0.549437 -0.382024
0.549682 -0.381372
0.549927 -0.380705
0.550171 -0.380026
0.550416 -0.379334
0.550661 -0.378629
0.550906 -0.377913
0.551150 -0.377185
0.551395 -0.376446
0.551640 -0.375696
0.551884 -0.374937
0.552129 -0.374168
0.552374 -0.373389
0.552619 -0.372602
0.552863 -0.371806
0.553108 -0.371003
0.553353 -0.370192
0.553598 -0.369375
0.553842 -0.368551
0.554087 -0.367721
0.554332 -0.366886
0.554577 -0.366046
0.554821 -0.365201
0.555066 -0.364353
0.555311 -0.363501
0.555556 -0.362646
0.555800 -0.361789
0.556045 -0.360930
0.556290 -0.360070
0.556535 -0.359209
0.556779 -0.358347
0.557024 -0.357486
0.557269 -0.356625
0.557513 -0.355765
0.557758 -0.354907
0.558003 -0.354052
0.558248 -0.353199
0.558492 -0.352350
0.558737 -0.351504
0.558982 -0.350663
0.559227 -0.349827
0.559471 -0.348996
0.559716 -0.348172
0.559961 -0.347354
0.560206 -0.346543
0.560450 -0.345740
0.560695 -0.344945
0.560940 -0.344159
0.561185 -0.343383
0.561429 -0.342616
0.561674 -0.341860
0.561919 -0.341114
0.562163 -0.340381
0.562408 -0.339659
0.562653 -0.338951
0.562898 -0.338255
0.563142 -0.337574
0.563387 -0.336907
0.563632 -0.336255
0.563877 -0.335618
0.564121 -0.334998
0.564366 -0.334394
0.564611 -0.333808
0.564856 -0.333239
0.565100 -0.332689
0.565345 -0.332158
0.565590 -0.331647
0.565835 -0.331156
0.566079 -0.330685
0.566324 -0.330236
0.566569 -0.329809
0.566814 -0.329404
0.567058 -0.329022
0.567303 -0.328664
0.567548 -0.328330
0.567792 -0.328020
0.568037 -0.327737
0.568282 -0.327479
0.568527 -0.327247
0.568771 -0.327043
0.569016 -0.326866
0.569261 -0.326717
0.569506 -0.326598
0.569750 -0.326507
0.569995 -0.326447
0.570240 -0.326417
0.570485 -0.326418
0.570729 -0.326451
0.570974 -0.326515
0.571219 -0.326613
0.571464 -0.326744
0.571708 -0.326909
0.571953 -0.327108
0.572198 -0.327343
0.572442 -0.327612
0.572687 -0.327918
0.572932 -0.328261
0.573177 -0.328641
0.573421 -0.329059
0.573666 -0.329515
0.573911 -0.330010
0.574156 -0.330544
0.574400 -0.331118
0.574645 -0.331733
0.574890 -0.332389
0.575135 -0.333087
0.575379 -0.333826
0.575624 -0.334608
0.575869 -0.335434
0.576114 -0.336303
0.576358 -0.337216
0.576603 -0.338174
0.576848 -0.339178
0.577093 -0.340227
0.577337 -0.341322
0.577582 -0.342464
0.577827 -0.343654
0.578071 -0.344891
0.578316 -0.346177
0.578561 -0.347511
0.578806 -0.348895
0.579050 -0.350329
0.579295 -0.351813
0.579540 -0.353347
0.579785 -0.354933
0.580029 -0.356571
0.580274 -0.358261
0.580519 -0.360003
0.580764 -0.361799
0.581008 -0.363648
0.581253 -0.365551
0.581498 -0.367509
0.581743 -0.369522
0.581987 -0.371590
0.582232 -0.373714
0.582477 -0.375894
0.582721 -0.378131
0.582966 -0.380425
0.583211 -0.382777
0.583456 -0.385187
0.583700 -0.387655
0.583945 -0.390182
0.584190 -0.392768
0.584435 -0.395413
0.584679 -0.398119
0.584924 -0.400885
0.585169 -0.403712
0.585414 -0.406600
0.585658 -0.409549
0.585903 -0.412561
0.586148 -0.415634
0.586393 -0.418770
0.586637 -0.421970
0.586882 -0.425232
0.587127 -0.428559
0.587372 -0.431949
0.587616 -0.435404
0.587861 -0.438923
0.588106 -0.442507
0.588350 -0.446157
0.588595 -0.449872
0.588840 -0.453654
0.589085 -0.457501
0.589329 -0.461415
0.589574 -0.465396
0.589819 -0.469444
0.590064 -0.473559
0.590308 -0.477742
0.590553 -0.481993
0.590798 -0.486312
0.591043 -0.490700
0.591287 -0.495156
0.591532 -0.499681
0.591777 -0.504275
0.592022 -0.508939
0.592266 -0.513672
0.592511 -0.518475
0.592756 -0.523348
0.593000 -0.528291
0.593245 -0.533305
0.593490 -0.538389
0.593735 -0.543545
0.593979 -0.548771
0.594224 -0.554068
0.594469 -0.559436
0.594714 -0.564876
0.594958 -0.570388
0.595203 -0.575971
0.595448 -0.581626
0.595693 -0.587354
0.595937 -0.593153
0.596182 -0.599025
0.596427 -0.604969
0.596672 -0.610985
0.596916 -0.617074
0.597161 -0.623236
0.597406 -0.629470
0.597651 -0.635778
0.597895 -0.642158
0.598140 -0.648611
0.598385 -0.655137
0.598629 -0.661736
0.598874 -0.668408
0.599119 -0.675154
0.599364 -0.681972
0.599608 -0.688864
0.599853 -0.695828
0.600098 -0.702866
0.600343 -0.709977
0.600587 -0.717161
0.600832 -0.724419
0.601077 -0.731749
0.601322 -0.739153
0.601566 -0.746629
0.601811 -0.754179
0.602056 -0.761802
0.602301 -0.769497
0.602545 -0.777265
0.602790 -0.785106
0.603035 -0.793020
0.603279 -0.801006
0.603524 -0.809064
0.603769 -0.817195
0.604014 -0.825398
0.604258 -0.833674
0.604503 -0.842021
0.604748 -0.850440
0.604993 -0.858931
0.605237 -0.867493
0.605482 -0.876127
0.605727 -0.884832
0.605972 -0.893608
0.606216 -0.902455
0.606461 -0.911372
0.606706 -0.920361
0.606951 -0.929419
0.607195 -0.938548
0.607440 -0.947746
0.607685 -0.957014
0.607930 -0.966352
0.608174 -0.975758
0.608419 -0.985234
0.608664 -0.994778
0.608908 -1.004391
0.609153 -1.014072
0.609398 -1.023821
0.609643 -1.033637
0.609887 -1.043521
0.610132 -1.053472
0.610377 -1.063489
0.610622 -1.073573
0.610866 -1.083723
0.611111 -1.093939
0.611356 -1.104220
0.611601 -1.114566
0.611845 -1.124977
0.612090 -1.135453
0.612335 -1.145992
0.612580 -1.156595
0.612824 -1.167262
0.613069 -1.177991
0.613314 -1.188783
0.613558 -1.199637
0.613803 -1.210552
0.614048 -1.221529
0.614293 -1.232567
0.614537 -1.243666
0.614782 -1.254824
0.615027 -1.266042
0.615272 -1.277319
0.615516 -1.288655
0.615761 -1.300050
0.616006 -1.311502
0.616251 -1.323011
0.616495 -1.334577
0.616740 -1.346200
0.616985 -1.357879
0.617230 -1.369613
0.617474 -1.381401
0.617719 -1.393245
0.617964 -1.405142
0.618209 -1.417092
0.618453 -1.429096
0.618698 -1.441151
0.618943 -1.453259
0.619187 -1.465417
0.619432 -1.477627
0.619677 -1.489886
0.619922 -1.502195
0.620166 -1.514553
0.620411 -1.526959
0.620656 -1.539413
0.620901 -1.551915
0.621145 -1.564463
0.621390 -1.577057
0.621635 -1.589696
0.621880 -1.602381
0.622124 -1.615110
0.622369 -1.627882
0.622614 -1.640697
0.622859 -1.653555
0.623103 -1.666454
0.623348 -1.679394
0.623593 -1.692375
0.623837 -1.705396
0.624082 -1.718456
0.624327 -1.731554
0.624572 -1.744690
0.624816 -1.757863
0.625061 -1.771073
0.625306 -1.784318
0.625551 -1.797599
0.625795 -1.810914
0.626040 -1.824262
0.626285 -1.837644
0.626530 -1.851058
0.626774 -1.864503
0.627019 -1.877980
0.627264 -1.891486
0.627509 -1.905022
0.627753 -1.918587
0.627998 -1.932180
0.628243 -1.945800
0.628488 -1.959446
0.628732 -1.973119
0.628977 -1.986816
0.629222 -2.000538
0.629466 -2.014283
0.629711 -2.028051
0.629956 -2.041841
0.630201 -2.055653
0.630445 -2.069484
0.630690 -2.083336
0.630935 -2.097206
0.631180 -2.111095
0.631424 -2.125001
0.631669 -2.138924
0.631914 -2.152862
0.632159 -2.166816
0.632403 -2.180784
0.632648 -2.194765
0.632893 -2.208759
0.633138 -2.222765
0.633382 -2.236782
0.633627 -2.250809
0.633872 -2.264846
0.634116 -2.278891
0.634361 -2.292944
0.634606 -2.307005
0.634851 -2.321071
0.635095 -2.335143
0.635340 -2.349219
0.635585 -2.363299
0.635830 -2.377382
0.636074 -2.391467
0.636319 -2.405554
0.636564 -2.419641
0.636809 -2.433727
0.637053 -2.447812
0.637298 -2.461896
0.637543 -2.475976
0.637788 -2.490053
0.638032 -2.504125
0.638277 -2.518192
0.638522 -2.532252
0.638767 -2.546306
0.639011 -2.560351
0.639256 -2.574388
0.639501 -2.588415
0.639745 -2.602432
0.639990 -2.616438
0.640235 -2.630431
0.640480 -2.644412
0.640724 -2.658379
0.640969 -2.672331
0.641214 -2.686267
0.641459 -2.700188
0.641703 -2.714091
0.641948 -2.727976
0.642193 -2.741842
0.642438 -2.755689
0.642682 -2.769515
0.642927 -2.783320
0.643172 -2.797103
0.643417 -2.810862
0.643661 -2.824598
0.643906 -2.838309
0.644151 -2.851994
0.644395 -2.865653
0.644640 -2.879285
0.644885 -2.892889
0.645130 -2.906464
0.645374 -2.920009
0.645619 -2.933524
0.645864 -2.947007
0.646109 -2.960458
0.646353 -2.973876
0.646598 -2.987260
0.646843 -3.000609
0.647088 -3.013923
0.647332 -3.027201
0.647577 -3.040441
0.647822 -3.053644
0.648067 -3.066807
0.648311 -3.079931
0.648556 -3.093015
0.648801 -3.106058
0.649046 -3.119059
0.649290 -3.132016
0.649535 -3.144931
0.649780 -3.157800
0.650024 -3.170625
0.650269 -3.183404
0.650514 -3.196136
0.650759 -3.208820
0.651003 -3.221457
0.651248 -3.234044
0.651493 -3.246581
0.651738 -3.259067
0.651982 -3.271503
0.652227 -3.283886
0.652472 -3.296216
0.652717 -3.308492
0.652961 -3.320714
0.653206 -3.332881
0.653451 -3.344992
0.653696 -3.357046
0.653940 -3.369043
0.654185 -3.380982
0.654430 -3.392862
0.654674 -3.404682
0.654919 -3.416442
0.655164 -3.428141
0.655409 -3.439778
0.655653 -3.451353
0.655898 -3.462865
0.656143 -3.474313
0.656388 -3.485696
0.656632 -3.497014
0.656877 -3.508266
0.657122 -3.519452
0.657367 -3.530570
0.657611 -3.541620
0.657856 -3.552602
0.658101 -3.563515
0.658346 -3.574357
0.658590 -3.585129
0.658835 -3.595830
0.659080 -3.606459
0.659325 -3.617016
0.659569 -3.627499
0.659814 -3.637909
0.660059 -3.648244
0.660303 -3.658505
0.660548 -3.668690
0.660793 -3.678798
0.661038 -3.688830
0.661282 -3.698785
0.661527 -3.708662
0.661772 -3.718460
0.662017 -3.728179
0.662261 -3.737819
0.662506 -3.747378
0.662751 -3.756857
0.662996 -3.766255
0.663240 -3.775570
0.663485 -3.784804
0.663730 -3.793954
0.663975 -3.803021
0.664219 -3.812004
0.664464 -3.820903
0.664709 -3.829717
0.664953 -3.838446
0.665198 -3.847088
0.665443 -3.855644
0.665688 -3.864114
0.665932 -3.872496
0.666177 -3.880791
0.666422 -3.888997
0.666667 -3.897114
0.666911 -3.905143
0.667156 -3.913082
0.667401 -3.920931
0.667646 -3.928690
0.667890 -3.936358
0.668135 -3.943934
0.668380 -3.951420
0.668625 -3.958813
0.668869 -3.966114
0.669114 -3.973322
0.669359 -3.980437
0.669604 -3.987459
0.669848 -3.994387
0.670093 -4.001221
0.670338 -4.007961
0.670582 -4.014605
0.670827 -4.021155
0.671072 -4.027609
0.671317 -4.033968
0.671561 -4.040230
0.671806 -4.046397
0.672051 -4.052466
0.672296 -4.058439
0.672540 -4.064315
0.672785 -4.070093
0.673030 -4.075774
0.673275 -4.081357
0.673519 -4.086842
0.673764 -4.092228
0.674009 -4.097516
0.674254 -4.102705
0.674498 -4.107795
0.674743 -4.112787
0.674988 -4.117678
0.675233 -4.122471
0.675477 -4.127163
0.675722 -4.131756
0.675967 -4.136248
0.676211 -4.140641
0.676456 -4.144933
0.676701 -4.149125
0.676946 -4.153216
0.677190 -4.157207
0.677435 -4.161097
0.677680 -4.164886
0.677925 -4.168574
0.678169 -4.172161
0.678414 -4.175647
0.678659 -4.179032
0.678904 -4.182315
0.679148 -4.185498
0.679393 -4.188578
0.679638 -4.191558
0.679883 -4.194436
0.680127 -4.197213
0.680372 -4.199888
0.680617 -4.202462
0.680861 -4.204935
0.681106 -4.207306
0.681351 -4.209576
0.681596 -4.211745
0.681840 -4.213812
0.682085 -4.215778
0.682330 -4.217643
0.682575 -4.219406
0.682819 -4.221069
0.683064 -4.222631
0.683309 -4.224092
0.683554 -4.225452
0.683798 -4.226711
0.684043 -4.227870
0.684288 -4.228928
0.684533 -4.229886
0.684777 -4.230744
0.685022 -4.231502
0.685267 -4.232159
0.685512 -4.232718
0.685756 -4.233176
0.686001 -4.233535
0.686246 -4.233795
0.686490 -4.233956
0.686735 -4.234019
0.686980 -4.233982
0.687225 -4.233847
0.687469 -4.233614
0.687714 -4.233283
0.687959 -4.232855
0.688204 -4.232329
0.688448 -4.231705
0.688693 -4.230985
0.688938 -4.230168
0.689183 -4.229255
0.689427 -4.228246
0.689672 -4.227140
0.689917 -4.225940
0.690162 -4.224643
0.690406 -4.223253
0.690651 -4.221767
0.690896 -4.220187
0.691140 -4.218513
0.691385 -4.216746
0.691630 -4.214886
0.691875 -4.212932
0.692119 -4.210886
0.692364 -4.208748
0.692609 -4.206518
0.692854 -4.204197
0.693098 -4.201784
0.693343 -4.199281
0.693588 -4.196688
0.693833 -4.194005
0.694077 -4.191233
0.694322 -4.188372
0.694567 -4.185422
0.694812 -4.182384
0.695056 -4.179258
0.695301 -4.176046
0.695546 -4.172746
0.695791 -4.169361
0.696035 -4.165889
0.696280 -4.162332
0.696525 -4.158691
0.696769 -4.154965
0.697014 -4.151155
0.697259 -4.147261
0.697504 -4.143285
0.697748 -4.139227
0.697993 -4.135087
0.698238 -4.130865
0.698483 -4.126563
0.698727 -4.122180
0.698972 -4.117718
0.699217 -4.113176
0.699462 -4.108556
0.699706 -4.103858
0.699951 -4.099083
0.700196 -4.094231
0.700441 -4.089302
0.700685 -4.084298
0.700930 -4.079218
0.701175 -4.074064
0.701419 -4.068836
0.701664 -4.063534
0.701909 -4.058160
0.702154 -4.052714
0.702398 -4.047196
0.702643 -4.041607
0.702888 -4.035948
0.703133 -4.030219
0.703377 -4.024421
0.703622 -4.018555
0.703867 -4.012621
0.704112 -4.006620
0.704356 -4.000552
0.704601 -3.994419
0.704846 -3.988220
0.705091 -3.981957
0.705335 -3.975631
0.705580 -3.969241
0.705825 -3.962788
0.706070 -3.956274
0.706314 -3.949699
0.706559 -3.943063
0.706804 -3.936368
0.707048 -3.929613
0.707293 -3.922801
0.707538 -3.915930
0.707783 -3.909003
0.708027 -3.902020
0.708272 -3.894981
0.708517 -3.887887
0.708762 -3.880739
0.709006 -3.873538
0.709251 -3.866284
0.709496 -3.858978
0.709741 -3.851621
0.709985 -3.844214
0.710230 -3.836757
0.710475 -3.829251
0.710720 -3.821697
0.710964 -3.814095
0.711209 -3.806446
0.711454 -3.798752
0.711698 -3.791012
0.711943 -3.783228
0.712188 -3.775399
0.712433 -3.767528
0.712677 -3.759615
0.712922 -3.751660
0.713167 -3.743664
0.713412 -3.735629
0.713656 -3.727554
0.713901 -3.719441
0.714146 -3.711290
0.714391 -3.703102
0.714635 -3.694878
0.714880 -3.686618
0.715125 -3.678324
0.715370 -3.669996
0.715614 -3.661635
0.715859 -3.653241
0.716104 -3.644816
0.716349 -3.636361
0.716593 -3.627875
0.716838 -3.619360
0.717083 -3.610816
0.717327 -3.602245
0.717572 -3.593647
0.717817 -3.585023
0.718062 -3.576374
0.718306 -3.567699
0.718551 -3.559002
0.718796 -3.550281
0.719041 -3.541537
0.719285 -3.532773
0.719530 -3.523987
0.719775 -3.515182
0.720020 -3.506357
0.720264 -3.497514
0.720509 -3.488654
0.720754 -3.479776
0.720999 -3.470883
0.721243 -3.461974
0.721488 -3.453051
0.721733 -3.444113
0.721977 -3.435163
0.722222 -3.426201
0.722467 -3.417227
0.722712 -3.408242
0.722956 -3.399248
0.723201 -3.390244
0.723446 -3.381231
0.723691 -3.372211
0.723935 -3.363185
0.724180 -3.354151
0.724425 -3.345113
0.724670 -3.336070
0.724914 -3.327022
0.725159 -3.317972
0.725404 -3.308919
0.725649 -3.299864
0.725893 -3.290809
0.726138 -3.281753
0.726383 -3.272698
0.726628 -3.263644
0.726872 -3.254591
0.727117 -3.245542
0.727362 -3.236496
0.727606 -3.227454
0.727851 -3.218416
0.728096 -3.209385
0.728341 -3.200359
0.728585 -3.191341
0.728830 -3.182330
0.729075 -3.173327
0.729320 -3.164334
0.729564 -3.155350
0.729809 -3.146377
0.730054 -3.137415
0.730299 -3.128465
0.730543 -3.119527
0.730788 -3.110602
0.731033 -3.101692
0.731278 -3.092795
0.731522 -3.083914
0.731767 -3.075049
0.732012 -3.066200
0.732256 -3.057369
0.732501 -3.048555
0.732746 -3.039760
0.732991 -3.030983
0.733235 -3.022227
0.733480 -3.013491
0.733725 -3.004776
0.733970 -2.996082
0.734214 -2.987411
0.734459 -2.978762
0.734704 -2.970137
0.734949 -2.961536
0.735193 -2.952960
0.735438 -2.944409
0.735683 -2.935883
0.735928 -2.927385
0.736172 -2.918913
0.736417 -2.910469
0.736662 -2.902053
0.736907 -2.893665
0.737151 -2.885307
0.737396 -2.876979
0.737641 -2.868681
0.737885 -2.860415
0.738130 -2.852179
0.738375 -2.843976
0.738620 -2.835805
0.738864 -2.827668
0.739109 -2.819564
0.739354 -2.811494
0.739599 -2.803458
0.739843 -2.795458
0.740088 -2.787493
0.740333 -2.779565
0.740578 -2.771673
0.740822 -2.763818
0.741067 -2.756001
0.741312 -2.748222
0.741557 -2.740481
0.741801 -2.732779
0.742046 -2.725116
0.742291 -2.717494
0.742535 -2.709911
0.742780 -2.702370
0.743025 -2.694869
0.743270 -2.687410
0.743514 -2.679993
0.743759 -2.672618
0.744004 -2.665286
0.744249 -2.657997
0.744493 -2.650752
0.744738 -2.643551
0.744983 -2.636394
0.745228 -2.629282
0.745472 -2.622214
0.745717 -2.615192
0.745962 -2.608216
0.746207 -2.601286
0.746451 -2.594403
0.746696 -2.587566
0.746941 -2.580776
0.747186 -2.574034
0.747430 -2.567339
0.747675 -2.560693
0.747920 -2.554094
0.748164 -2.547545
0.748409 -2.541044
0.748654 -2.534592
0.748899 -2.528190
0.749143 -2.521838
0.749388 -2.515536
0.749633 -2.509283
0.749878 -2.503082
0.750122 -2.496931
0.750367 -2.490831
0.750612 -2.484782
0.750857 -2.478785
0.751101 -2.472839
0.751346 -2.466945
0.751591 -2.461103
0.751836 -2.455313
0.752080 -2.449576
0.752325 -2.443891
0.752570 -2.438259
0.752814 -2.432680
0.753059 -2.427154
0.753304 -2.421681
0.753549 -2.416262
0.753793 -2.410896
0.754038 -2.405584
0.754283 -2.400325
0.754528 -2.395120
0.754772 -2.389970
0.755017 -2.384873
0.755262 -2.379831
0.755507 -2.374843
0.755751 -2.369909
0.755996 -2.365030
0.756241 -2.360205
0.756486 -2.355435
0.756730 -2.350719
0.756975 -2.346058
0.757220 -2.341452
0.757465 -2.336901
0.757709 -2.332405
0.757954 -2.327963
0.758199 -2.323576
0.758443 -2.319244
0.758688 -2.314967
0.758933 -2.310745
0.759178 -2.306577
0.759422 -2.302465
0.759667 -2.298407
0.759912 -2.294404
0.760157 -2.290456
0.760401 -2.286563
0.760646 -2.282724
0.760891 -2.278940
0.761136 -2.275210
0.761380 -2.271535
0.761625 -2.267915
0.761870 -2.264349
0.762115 -2.260837
0.762359 -2.257379
0.762604 -2.253975
0.762849 -2.250625
0.763093 -2.247329
0.763338 -2.244087
0.763583 -2.240898
0.763828 -2.237763
0.764072 -2.234682
0.764317 -2.231653
0.764562 -2.228678
0.764807 -2.225755
0.765051 -2.222886
0.765296 -2.220068
0.765541 -2.217304
0.765786 -2.214591
0.766030 -2.211931
0.766275 -2.209323
0.766520 -2.206766
0.766765 -2.204261
0.767009 -2.201807
0.767254 -2.199404
0.767499 -2.197052
0.767744 -2.194751
0.767988 -2.192500
0.768233 -2.190299
0.768478 -2.188149
0.768722 -2.186048
0.768967 -2.183996
0.769212 -2.181994
0.769457 -2.180041
0.769701 -2.178136
0.769946 -2.176280
0.770191 -2.174472
0.770436 -2.172712
0.770680 -2.171000
0.770925 -2.169335
0.771170 -2.167717
0.771415 -2.166146
0.771659 -2.164621
0.771904 -2.163142
0.772149 -2.161709
0.772394 -2.160322
0.772638 -2.158980
0.772883 -2.157683
0.773128 -2.156430
0.773372 -2.155222
0.773617 -2.154057
0.773862 -2.152936
0.774107 -2.151858
0.774351 -2.150823
0.774596 -2.149830
0.774841 -2.148880
0.775086 -2.147971
0.775330 -2.147104
0.775575 -2.146278
0.775820 -2.145492
0.776065 -2.144747
0.776309 -2.144042
0.776554 -2.143376
0.776799 -2.142749
0.777044 -2.142161
0.777288 -2.141611
0.777533 -2.141100
0.777778 -2.140626
0.778023 -2.140189
0.778267 -2.139788
0.778512 -2.139424
0.778757 -2.139096
0.779001 -2.138804
0.779246 -2.138547
0.779491 -2.138324
0.779736 -2.138135
0.779980 -2.137981
0.780225 -2.137859
0.780470 -2.137771
0.780715 -2.137715
0.780959 -2.137691
0.781204 -2.137699
0.781449 -2.137738
0.781694 -2.137808
0.781938 -2.137908
0.782183 -2.138037
0.782428 -2.138197
0.782673 -2.138385
0.782917 -2.138601
0.783162 -2.138846
0.783407 -2.139118
0.783651 -2.139418
0.783896 -2.139743
0.784141 -2.140096
0.784386 -2.140473
0.784630 -2.140876
0.784875 -2.141304
0.785120 -2.141756
0.785365 -2.142232
0.785609 -2.142731
0.785854 -2.143253
0.786099 -2.143798
0.786344 -2.144364
0.786588 -2.144952
0.786833 -2.145561
0.787078 -2.146190
0.787323 -2.146839
0.787567 -2.147508
0.787812 -2.148196
0.788057 -2.148902
0.788302 -2.149627
0.788546 -2.150369
0.788791 -2.151128
0.789036 -2.151904
0.789280 -2.152695
0.789525 -2.153503
0.789770 -2.154326
0.790015 -2.155163
0.790259 -2.156014
0.790504 -2.156880
0.790749 -2.157758
0.790994 -2.158649
0.791238 -2.159553
0.791483 -2.160468
0.791728 -2.161394
0.791973 -2.162332
0.792217 -2.163279
0.792462 -2.164236
0.792707 -2.165203
0.792952 -2.166179
0.793196 -2.167163
0.793441 -2.168155
0.793686 -2.169154
0.793930 -2.170161
0.794175 -2.171173
0.794420 -2.172192
0.794665 -2.173216
0.794909 -2.174246
0.795154 -2.175280
0.795399 -2.176318
0.795644 -2.177360
0.795888 -2.178405
0.796133 -2.179452
0.796378 -2.180502
0.796623 -2.181554
0.796867 -2.182607
0.797112 -2.183661
0.797357 -2.184715
0.797602 -2.185769
0.797846 -2.186823
0.798091 -2.187876
0.798336 -2.188927
0.798581 -2.189977
0.798825 -2.191024
0.799070 -2.192069
0.799315 -2.193110
0.799559 -2.194148
0.799804 -2.195182
0.800049 -2.196211
0.800294 -2.197236
0.800538 -2.198255
0.800783 -2.199268
0.801028 -2.200275
0.801273 -2.201276
0.801517 -2.202269
0.801762 -2.203255
0.802007 -2.204233
0.802252 -2.205203
0.802496 -2.206165
0.802741 -2.207117
0.802986 -2.208060
0.803231 -2.208993
0.803475 -2.209916
0.803720 -2.210828
0.803965 -2.211729
0.804209 -2.212619
0.804454 -2.213497
0.804699 -2.214363
0.804944 -2.215216
0.805188 -2.216057
0.805433 -2.216884
0.805678 -2.217697
0.805923 -2.218497
0.806167 -2.219282
0.806412 -2.220053
0.806657 -2.220809
0.806902 -2.221549
0.807146 -2.222274
0.807391 -2.222982
0.807636 -2.223674
0.807881 -2.224350
0.808125 -2.225009
0.808370 -2.225650
0.808615 -2.226273
0.808860 -2.226879
0.809104 -2.227466
0.809349 -2.228035
0.809594 -2.228585
0.809838 -2.229116
0.810083 -2.229628
0.810328 -2.230120
0.810573 -2.230591
0.810817 -2.231043
0.811062 -2.231474
0.811307 -2.231884
0.811552 -2.232274
0.811796 -2.232641
0.812041 -2.232988
0.812286 -2.233312
0.812531 -2.233615
0.812775 -2.233895
0.813020 -2.234153
0.813265 -2.234388
0.813510 -2.234600
0.813754 -2.234789
0.813999 -2.234955
0.814244 -2.235097
0.814488 -2.235215
0.814733 -2.235309
0.814978 -2.235379
0.815223 -2.235425
0.815467 -2.235446
0.815712 -2.235442
0.815957 -2.235413
0.816202 -2.235360
0.816446 -2.235281
0.816691 -2.235177
0.816936 -2.235047
0.817181 -2.234892
0.817425 -2.234710
0.817670 -2.234503
0.817915 -2.234270
0.818160 -2.234010
0.818404 -2.233724
0.818649 -2.233412
0.818894 -2.233073
0.819139 -2.232708
0.819383 -2.232315
0.819628 -2.231896
0.819873 -2.231450
0.820117 -2.230977
0.820362 -2.230477
0.820607 -2.229949
0.820852 -2.229394
0.821096 -2.228812
0.821341 -2.228203
0.821586 -2.227566
0.821831 -2.226902
0.822075 -2.226210
0.822320 -2.225491
0.822565 -2.224744
0.822810 -2.223969
0.823054 -2.223167
0.823299 -2.222338
0.823544 -2.221480
0.823789 -2.220595
0.824033 -2.219682
0.824278 -2.218742
0.824523 -2.217774
0.824767 -2.216779
0.825012 -2.215755
0.825257 -2.214705
0.825502 -2.213626
0.825746 -2.212521
0.825991 -2.211388
0.826236 -2.210227
0.826481 -2.209039
0.826725 -2.207824
0.826970 -2.206582
0.827215 -2.205312
0.827460 -2.204016
0.827704 -2.202692
0.827949 -2.201342
0.828194 -2.199964
0.828439 -2.198560
0.828683 -2.197130
0.828928 -2.195673
0.829173 -2.194189
0.829418 -2.192679
0.829662 -2.191144
0.829907 -2.189582
0.830152 -2.187994
0.830396 -2.186380
0.830641 -2.184741
0.830886 -2.183076
0.831131 -2.181386
0.831375 -2.179671
0.831620 -2.177931
0.831865 -2.176166
0.832110 -2.174376
0.832354 -2.172562
0.832599 -2.170723
0.832844 -2.168860
0.833089 -2.166974
0.833333 -2.165064
0.833578 -2.163130
0.833823 -2.161172
0.834068 -2.159192
0.834312 -2.157189
0.834557 -2.155163
0.834802 -2.153114
0.835047 -2.151043
0.835291 -2.148950
0.835536 -2.146836
0.835781 -2.144700
0.836025 -2.142542
0.836270 -2.140364
0.836515 -2.138164
0.836760 -2.135944
0.837004 -2.133704
0.837249 -2.131444
0.837494 -2.129164
0.837739 -2.126864
0.837983 -2.124545
0.838228 -2.122208
0.838473 -2.119851
0.838718 -2.117477
0.838962 -2.115084
0.839207 -2.112673
0.839452 -2.110245
0.839697 -2.107800
0.839941 -2.105337
0.840186 -2.102859
0.840431 -2.100364
0.840675 -2.097853
0.840920 -2.095326
0.841165 -2.092784
0.841410 -2.090228
0.841654 -2.087656
0.841899 -2.085070
0.842144 -2.082470
0.842389 -2.079857
0.842633 -2.077230
0.842878 -2.074591
0.843123 -2.071939
0.843368 -2.069274
0.843612 -2.066598
0.843857 -2.063910
0.844102 -2.061211
0.844347 -2.058501
0.844591 -2.055781
0.844836 -2.053050
0.845081 -2.050310
0.845326 -2.047561
0.845570 -2.044802
0.845815 -2.042035
0.846060 -2.039260
0.846304 -2.036477
0.846549 -2.033687
0.846794 -2.030889
0.847039 -2.028085
0.847283 -2.025274
0.847528 -2.022458
0.847773 -2.019636
0.848018 -2.016810
0.848262 -2.013978
0.848507 -2.011142
0.848752 -2.008302
0.848997 -2.005459
0.849241 -2.002613
0.849486 -1.999764
0.849731 -1.996913
0.849976 -1.994060
0.850220 -1.991205
0.850465 -1.988350
0.850710 -1.985493
0.850954 -1.982637
0.851199 -1.979781
0.851444 -1.976925
0.851689 -1.974071
0.851933 -1.971218
0.852178 -1.968367
0.852423 -1.965518
0.852668 -1.962672
0.852912 -1.959829
0.853157 -1.956989
0.853402 -1.954154
0.853647 -1.951323
0.853891 -1.948496
0.854136 -1.945675
0.854381 -1.942860
0.854626 -1.940051
0.854870 -1.937248
0.855115 -1.934452
0.855360 -1.931664
0.855605 -1.928883
0.855849 -1.926111
0.856094 -1.923347
0.856339 -1.920593
0.856583 -1.917848
0.856828 -1.915112
0.857073 -1.912387
0.857318 -1.909673
0.857562 -1.906970
0.857807 -1.904279
0.858052 -1.901599
0.858297 -1.898932
0.858541 -1.896278
0.858786 -1.893637
0.859031 -1.891010
0.859276 -1.888397
0.859520 -1.885798
0.859765 -1.883214
0.860010 -1.880646
0.860255 -1.878093
0.860499 -1.875557
0.860744 -1.873037
0.860989 -1.870534
0.861233 -1.868048
0.861478 -1.865581
0.861723 -1.863131
0.861968 -1.860700
0.862212 -1.858288
0.862457 -1.855895
0.862702 -1.853522
0.862947 -1.851169
0.863191 -1.848837
0.863436 -1.846525
0.863681 -1.844235
0.863926 -1.841967
0.864170 -1.839720
0.864415 -1.837496
0.864660 -1.835295
0.864905 -1.833117
0.865149 -1.830963
0.865394 -1.828833
0.865639 -1.826727
0.865884 -1.824645
0.866128 -1.822589
0.866373 -1.820558
0.866618 -1.818552
0.866862 -1.816573
0.867107 -1.814620
0.867352 -1.812694
0.867597 -1.810796
0.867841 -1.808924
0.868086 -1.807081
0.868331 -1.805265
0.868576 -1.803478
0.868820 -1.801720
0.869065 -1.799991
0.869310 -1.798291
0.869555 -1.796621
0.869799 -1.794981
0.870044 -1.793372
0.870289 -1.791793
0.870534 -1.790245
0.870778 -1.788728
0.871023 -1.787243
0.871268 -1.785790
0.871512 -1.784369
0.871757 -1.782980
0.872002 -1.781624
0.872247 -1.780301
0.872491 -1.779012
0.872736 -1.777755
0.872981 -1.776533
0.873226 -1.775344
0.873470 -1.774190
0.873715 -1.773070
0.873960 -1.771985
0.874205 -1.770935
0.874449 -1.769920
0.874694 -1.768941
0.874939 -1.767997
0.875184 -1.767089
0.875428 -1.766218
0.875673 -1.765382
0.875918 -1.764584
0.876163 -1.763822
0.876407 -1.763096
0.876652 -1.762408
0.876897 -1.761757
0.877141 -1.761144
0.877386 -1.760569
0.877631 -1.760031
0.877876 -1.759531
0.878120 -1.759069
0.878365 -1.758646
0.878610 -1.758261
0.878855 -1.757914
0.879099 -1.757607
0.879344 -1.757338
0.879589 -1.757108
0.879834 -1.756918
0.880078 -1.756766
0.880323 -1.756654
0.880568 -1.756582
0.880813 -1.756549
0.881057 -1.756555
0.881302 -1.756602
0.881547 -1.756688
0.881791 -1.756814
0.882036 -1.756980
0.882281 -1.757187
0.882526 -1.757433
0.882770 -1.757719
0.883015 -1.758046
0.883260 -1.758413
0.883505 -1.758820
0.883749 -1.759268
0.883994 -1.759756
0.884239 -1.760284
0.884484 -1.760853
0.884728 -1.761462
0.884973 -1.762111
0.885218 -1.762801
0.885463 -1.763531
0.885707 -1.764302
0.885952 -1.765113
0.886197 -1.765965
0.886442 -1.766856
0.886686 -1.767788
0.886931 -1.768761
0.887176 -1.769773
0.887420 -1.770825
0.887665 -1.771918
0.887910 -1.773051
0.888155 -1.774223
0.888399 -1.775435
0.888644 -1.776687
0.888889 -1.777979
0.889134 -1.779310
0.889378 -1.780681
0.889623 -1.782091
0.889868 -1.783540
0.890113 -1.785029
0.890357 -1.786556
0.890602 -1.788122
0.890847 -1.789727
0.891092 -1.791370
0.891336 -1.793052
0.891581 -1.794772
0.891826 -1.796530
0.892070 -1.798326
0.892315 -1.800160
0.892560 -1.802031
0.892805 -1.803939
0.893049 -1.805885
0.893294 -1.807868
0.893539 -1.809887
0.893784 -1.811943
0.894028 -1.814035
0.894273 -1.816163
0.894518 -1.818327
0.894763 -1.820526
0.895007 -1.822761
0.895252 -1.825031
0.895497 -1.827336
0.895742 -1.829676
0.895986 -1.832049
0.896231 -1.834457
0.896476 -1.836899
0.896721 -1.839374
0.896965 -1.841882
0.897210 -1.844423
0.897455 -1.846996
0.897699 -1.849602
0.897944 -1.852240
0.898189 -1.854909
0.898434 -1.857610
0.898678 -1.860342
0.898923 -1.863104
0.899168 -1.865896
0.899413 -1.868719
0.899657 -1.871571
0.899902 -1.874452
0.900147 -1.877362
0.900392 -1.880301
0.900636 -1.883267
0.900881 -1.886262
0.901126 -1.889283
0.901371 -1.892332
0.901615 -1.895407
0.901860 -1.898508
0.902105 -1.901635
0.902349 -1.904787
0.902594 -1.907964
0.902839 -1.911166
0.903084 -1.914391
0.903328 -1.917640
0.903573 -1.920912
0.903818 -1.924207
0.904063 -1.927524
0.904307 -1.930863
0.904552 -1.934223
0.904797 -1.937604
0.905042 -1.941006
0.905286 -1.944427
0.905531 -1.947868
0.905776 -1.951328
0.906021 -1.954806
0.906265 -1.958302
0.906510 -1.961815
0.906755 -1.965346
0.907000 -1.968892
0.907244 -1.972455
0.907489 -1.976033
0.907734 -1.979626
0.907978 -1.983234
0.908223 -1.986855
0.908468 -1.990490
0.908713 -1.994137
0.908957 -1.997796
0.909202 -2.001467
0.909447 -2.005150
0.909692 -2.008842
0.909936 -2.012545
0.910181 -2.016257
0.910426 -2.019978
0.910671 -2.023708
0.910915 -2.027445
0.911160 -2.031189
0.911405 -2.034939
0.911650 -2.038696
0.911894 -2.042458
0.912139 -2.046225
0.912384 -2.049996
0.912628 -2.053771
0.912873 -2.057548
0.913118 -2.061328
0.913363 -2.065110
0.913607 -2.068893
0.913852 -2.072677
0.914097 -2.076460
0.914342 -2.080243
0.914586 -2.084024
0.914831 -2.087804
0.915076 -2.091581
0.915321 -2.095355
0.915565 -2.099125
0.915810 -2.102890
0.916055 -2.106651
0.916300 -2.110406
0.916544 -2.114154
0.916789 -2.117895
0.917034 -2.121629
0.917279 -2.125354
0.917523 -2.129070
0.917768 -2.132777
0.918013 -2.136474
0.918257 -2.140159
0.918502 -2.143833
0.918747 -2.147495
0.918992 -2.151143
0.919236 -2.154779
0.919481 -2.158400
0.919726 -2.162006
0.919971 -2.165596
0.920215 -2.169170
0.920460 -2.172728
0.920705 -2.176267
0.920950 -2.179789
0.921194 -2.183291
0.921439 -2.186774
0.921684 -2.190237
0.921929 -2.193678
0.922173 -2.197099
0.922418 -2.200496
0.922663 -2.203871
0.922907 -2.207222
0.923152 -2.210549
0.923397 -2.213851
0.923642 -2.217127
0.923886 -2.220376
0.924131 -2.223599
0.924376 -2.226794
0.924621 -2.229960
0.924865 -2.233098
0.925110 -2.236205
0.925355 -2.239283
0.925600 -2.242329
0.925844 -2.245343
0.926089 -2.248325
0.926334 -2.251273
0.926579 -2.254188
0.926823 -2.257069
0.927068 -2.259914
0.927313 -2.262723
0.927558 -2.265496
0.927802 -2.268231
0.928047 -2.270929
0.928292 -2.273588
0.928536 -2.276208
0.928781 -2.278788
0.929026 -2.281328
0.929271 -2.283826
0.929515 -2.286283
0.929760 -2.288697
0.930005 -2.291067
0.930250 -2.293394
0.930494 -2.295677
0.930739 -2.297914
0.930984 -2.300106
0.931229 -2.302251
0.931473 -2.304349
0.931718 -2.306399
0.931963 -2.308401
0.932208 -2.310354
0.932452 -2.312257
0.932697 -2.314110
0.932942 -2.315912
0.933186 -2.317662
0.933431 -2.319361
0.933676 -2.321006
0.933921 -2.322598
0.934165 -2.324136
0.934410 -2.325619
0.934655 -2.327048
0.934900 -2.328420
0.935144 -2.329735
0.935389 -2.330994
0.935634 -2.332195
0.935879 -2.333337
0.936123 -2.334421
0.936368 -2.335445
0.936613 -2.336409
0.936858 -2.337313
0.937102 -2.338155
0.937347 -2.338936
0.937592 -2.339654
0.937837 -2.340309
0.938081 -2.340901
0.938326 -2.341429
0.938571 -2.341892
0.938815 -2.342290
0.939060 -2.342622
0.939305 -2.342888
0.939550 -2.343087
0.939794 -2.343219
0.940039 -2.343283
0.940284 -2.343279
0.940529 -2.343205
0.940773 -2.343063
0.941018 -2.342850
0.941263 -2.342567
0.941508 -2.342214
0.941752 -2.341788
0.941997 -2.341291
0.942242 -2.340722
0.942487 -2.340079
0.942731 -2.339364
0.942976 -2.338574
0.943221 -2.337710
0.943465 -2.336772
0.943710 -2.335758
0.943955 -2.334669
0.944200 -2.333504
0.944444 -2.332262
0.944689 -2.330943
0.944934 -2.329547
0.945179 -2.328073
0.945423 -2.326521
0.945668 -2.324891
0.945913 -2.323181
0.946158 -2.321392
0.946402 -2.319523
0.946647 -2.317575
0.946892 -2.315545
0.947137 -2.313435
0.947381 -2.311243
0.947626 -2.308970
0.947871 -2.306615
0.948116 -2.304177
0.948360 -2.301657
0.948605 -2.299054
0.948850 -2.296368
0.949094 -2.293598
0.949339 -2.290744
0.949584 -2.287805
0.949829 -2.284782
0.950073 -2.281675
0.950318 -2.278482
0.950563 -2.275204
0.950808 -2.271840
0.951052 -2.268390
0.951297 -2.264854
0.951542 -2.261232
0.951787 -2.257522
0.952031 -2.253726
0.952276 -2.249843
0.952521 -2.245872
0.952766 -2.241814
0.953010 -2.237668
0.953255 -2.233434
0.953500 -2.229112
0.953744 -2.224701
0.953989 -2.220202
0.954234 -2.215614
0.954479 -2.210937
0.954723 -2.206171
0.954968 -2.201315
0.955213 -2.196371
0.955458 -2.191337
0.955702 -2.186213
0.955947 -2.181000
0.956192 -2.175696
0.956437 -2.170303
0.956681 -2.164820
0.956926 -2.159246
0.957171 -2.153582
0.957416 -2.147828
0.957660 -2.141984
0.957905 -2.136049
0.958150 -2.130024
0.958395 -2.123908
0.958639 -2.117702
0.958884 -2.111405
0.959129 -2.105017
0.959373 -2.098539
0.959618 -2.091970
0.959863 -2.085310
0.960108 -2.078560
0.960352 -2.071719
0.960597 -2.064788
0.960842 -2.057766
0.961087 -2.050654
0.961331 -2.043451
0.961576 -2.036157
0.961821 -2.028774
0.962066 -2.021300
0.962310 -2.013736
0.962555 -2.006082
0.962800 -1.998338
0.963045 -1.990504
0.963289 -1.982580
0.963534 -1.974566
0.963779 -1.966463
0.964023 -1.958271
0.964268 -1.949989
0.964513 -1.941618
0.964758 -1.933159
0.965002 -1.924610
0.965247 -1.915973
0.965492 -1.907248
0.965737 -1.898434
0.965981 -1.889532
0.966226 -1.880543
0.966471 -1.871466
0.966716 -1.862301
0.966960 -1.853049
0.967205 -1.843711
0.967450 -1.834285
0.967695 -1.824773
0.967939 -1.815176
0.968184 -1.805492
0.968429 -1.795722
0.968674 -1.785867
0.968918 -1.775928
0.969163 -1.765903
0.969408 -1.755794
0.969652 -1.745601
0.969897 -1.735324
0.970142 -1.724963
0.970387 -1.714520
0.970631 -1.703993
0.970876 -1.693385
0.971121 -1.682694
0.971366 -1.671921
0.971610 -1.661067
0.971855 -1.650132
0.972100 -1.639116
0.972345 -1.628021
0.972589 -1.616845
0.972834 -1.605590
0.973079 -1.594256
0.973324 -1.582844
0.973568 -1.571353
0.973813 -1.559785
0.974058 -1.548140
0.974302 -1.536417
0.974547 -1.524619
0.974792 -1.512744
0.975037 -1.500795
0.975281 -1.488770
0.975526 -1.476671
0.975771 -1.464498
0.976016 -1.452252
0.976260 -1.439932
0.976505 -1.427541
0.976750 -1.415077
0.976995 -1.402542
0.977239 -1.389937
0.977484 -1.377261
0.977729 -1.364515
0.977974 -1.351700
0.978218 -1.338816
0.978463 -1.325865
0.978708 -1.312846
0.978953 -1.299760
0.979197 -1.286608
0.979442 -1.273390
0.979687 -1.260106
0.979931 -1.246759
0.980176 -1.233347
0.980421 -1.219872
0.980666 -1.206335
0.980910 -1.192735
0.981155 -1.179074
0.981400 -1.165352
0.981645 -1.151570
0.981889 -1.137728
0.982134 -1.123828
0.982379 -1.109869
0.982624 -1.095853
0.982868 -1.081780
0.983113 -1.067651
0.983358 -1.053466
0.983603 -1.039227
0.983847 -1.024933
0.984092 -1.010586
0.984337 -0.996186
0.984581 -0.981734
0.984826 -0.967231
0.985071 -0.952677
0.985316 -0.938074
0.985560 -0.923421
0.985805 -0.908719
0.986050 -0.893970
0.986295 -0.879174
0.986539 -0.864332
0.986784 -0.849444
0.987029 -0.834512
0.987274 -0.819535
0.987518 -0.804516
0.987763 -0.789453
0.988008 -0.774350
0.988253 -0.759205
0.988497 -0.744020
0.988742 -0.728796
0.988987 -0.713533
0.989232 -0.698232
0.989476 -0.682894
0.989721 -0.667521
0.989966 -0.652111
0.990210 -0.636667
0.990455 -0.621189
0.990700 -0.605679
0.990945 -0.590135
0.991189 -0.574561
0.991434 -0.558956
0.991679 -0.543321
0.991924 -0.527657
0.992168 -0.511965
0.992413 -0.496246
0.992658 -0.480500
0.992903 -0.464729
0.993147 -0.448933
0.993392 -0.433113
0.993637 -0.417269
0.993882 -0.401404
0.994126 -0.385517
0.994371 -0.369609
0.994616 -0.353681
0.994860 -0.337735
0.995105 -0.321770
0.995350 -0.305788
0.995595 -0.289790
0.995839 -0.273777
0.996084 -0.257748
0.996329 -0.241706
0.996574 -0.225651
0.996818 -0.209584
0.997063 -0.193505
0.997308 -0.177416
0.997553 -0.161318
0.997797 -0.145211
0.998042 -0.129096
0.998287 -0.112974
0.998532 -0.096846
0.998776 -0.080713
0.999021 -0.064576
0.999266 -0.048435
0.999511 -0.032291
0.999755 -0.016146
