0.000000 -0.000000
0.000244 -0.016107
0.000488 -0.032212
0.000732 -0.048317
0.000977 -0.064418
0.001221 -0.080516
0.001465 -0.096610
0.001709 -0.112698
0.001953 -0.128781
0.002197 -0.144857
0.002441 -0.160925
0.002686 -0.176984
0.002930 -0.193034
0.003174 -0.209073
0.003418 -0.225102
0.003662 -0.241118
0.003906 -0.257122
0.004150 -0.273112
0.004395 -0.289087
0.004639 -0.305047
0.004883 -0.320990
0.005127 -0.336917
0.005371 -0.352825
0.005615 -0.368715
0.005859 -0.384585
0.006104 -0.400435
0.006348 -0.416263
0.006592 -0.432069
0.006836 -0.447852
0.007080 -0.463611
0.007324 -0.479346
0.007568 -0.495055
0.007812 -0.510738
0.008057 -0.526394
0.008301 -0.542022
0.008545 -0.557621
0.008789 -0.573191
0.009033 -0.588730
0.009277 -0.604238
0.009521 -0.619714
0.009766 -0.635157
0.010010 -0.650567
0.010254 -0.665942
0.010498 -0.681282
0.010742 -0.696586
0.010986 -0.711854
0.011230 -0.727084
0.011475 -0.742275
0.011719 -0.757427
0.011963 -0.772540
0.012207 -0.787612
0.012451 -0.802642
0.012695 -0.817631
0.012939 -0.832576
0.013184 -0.847478
0.013428 -0.862335
0.013672 -0.877148
0.013916 -0.891914
0.014160 -0.906634
0.014404 -0.921306
0.014648 -0.935930
0.014893 -0.950506
0.015137 -0.965031
0.015381 -0.979507
0.015625 -0.993931
0.015869 -1.008304
0.016113 -1.022625
0.016357 -1.036892
0.016602 -1.051106
0.016846 -1.065265
0.017090 -1.079370
0.017334 -1.093418
0.017578 -1.107410
0.017822 -1.121345
0.018066 -1.135222
0.018311 -1.149040
0.018555 -1.162799
0.018799 -1.176499
0.019043 -1.190138
0.019287 -1.203717
0.019531 -1.217233
0.019775 -1.230688
0.020020 -1.244079
0.020264 -1.257407
0.020508 -1.270671
0.020752 -1.283870
0.020996 -1.297004
0.021240 -1.310072
0.021484 -1.323073
0.021729 -1.336008
0.021973 -1.348875
0.022217 -1.361674
0.022461 -1.374404
0.022705 -1.387065
0.022949 -1.399656
0.023193 -1.412176
0.023438 -1.424626
0.023682 -1.437004
0.023926 -1.449311
0.024170 -1.461545
0.024414 -1.473706
0.024658 -1.485794
0.024902 -1.497807
0.025146 -1.509747
0.025391 -1.521611
0.025635 -1.533400
0.025879 -1.545113
0.026123 -1.556750
0.026367 -1.568310
0.026611 -1.579794
0.026855 -1.591199
0.027100 -1.602526
0.027344 -1.613775
0.027588 -1.624945
0.027832 -1.636036
0.028076 -1.647047
0.028320 -1.657978
0.028564 -1.668829
0.028809 -1.679599
0.029053 -1.690287
0.029297 -1.700894
0.029541 -1.711419
0.029785 -1.721861
0.030029 -1.732221
0.030273 -1.742498
0.030518 -1.752692
0.030762 -1.762802
0.031006 -1.772828
0.031250 -1.782770
0.031494 -1.792628
0.031738 -1.802400
0.031982 -1.812088
0.032227 -1.821690
0.032471 -1.831206
0.032715 -1.840637
0.032959 -1.849981
0.033203 -1.859239
0.033447 -1.868410
0.033691 -1.877494
0.033936 -1.886491
0.034180 -1.895401
0.034424 -1.904224
0.034668 -1.912958
0.034912 -1.921605
0.035156 -1.930164
0.035400 -1.938634
0.035645 -1.947016
0.035889 -1.955309
0.036133 -1.963513
0.036377 -1.971629
0.036621 -1.979656
0.036865 -1.987593
0.037109 -1.995441
0.037354 -2.003200
0.037598 -2.010869
0.037842 -2.018448
0.038086 -2.025938
0.038330 -2.033338
0.038574 -2.040648
0.038818 -2.047868
0.039062 -2.054998
0.039307 -2.062039
0.039551 -2.068989
0.039795 -2.075849
0.040039 -2.082618
0.040283 -2.089298
0.040527 -2.095887
0.040771 -2.102387
0.041016 -2.108796
0.041260 -2.115114
0.041504 -2.121343
0.041748 -2.127482
0.041992 -2.133530
0.042236 -2.139488
0.042480 -2.145357
0.042725 -2.151135
0.042969 -2.156824
0.043213 -2.162422
0.043457 -2.167931
0.043701 -2.173350
0.043945 -2.178680
0.044189 -2.183920
0.044434 -2.189071
0.044678 -2.194133
0.044922 -2.199105
0.045166 -2.203989
0.045410 -2.208783
0.045654 -2.213489
0.045898 -2.218107
0.046143 -2.222636
0.046387 -2.227077
0.046631 -2.231429
0.046875 -2.235694
0.047119 -2.239871
0.047363 -2.243961
0.047607 -2.247964
0.047852 -2.251879
0.048096 -2.255707
0.048340 -2.259449
0.048584 -2.263105
0.048828 -2.266674
0.049072 -2.270158
0.049316 -2.273556
0.049561 -2.276868
0.049805 -2.280095
0.050049 -2.283238
0.050293 -2.286296
0.050537 -2.289269
0.050781 -2.292159
0.051025 -2.294965
0.051270 -2.297687
0.051514 -2.300327
0.051758 -2.302883
0.052002 -2.305358
0.052246 -2.307750
0.052490 -2.310060
0.052734 -2.312289
0.052979 -2.314437
0.053223 -2.316505
0.053467 -2.318491
0.053711 -2.320398
0.053955 -2.322226
0.054199 -2.323974
0.054443 -2.325643
0.054688 -2.327234
0.054932 -2.328747
0.055176 -2.330183
0.055420 -2.331541
0.055664 -2.332822
0.055908 -2.334027
0.056152 -2.335156
0.056396 -2.336210
0.056641 -2.337188
0.056885 -2.338092
0.057129 -2.338922
0.057373 -2.339678
0.057617 -2.340360
0.057861 -2.340970
0.058105 -2.341508
0.058350 -2.341974
0.058594 -2.342369
0.058838 -2.342692
0.059082 -2.342946
0.059326 -2.343129
0.059570 -2.343243
0.059814 -2.343289
0.060059 -2.343265
0.060303 -2.343175
0.060547 -2.343016
0.060791 -2.342791
0.061035 -2.342500
0.061279 -2.342143
0.061523 -2.341721
0.061768 -2.341234
0.062012 -2.340684
0.062256 -2.340069
0.062500 -2.339392
0.062744 -2.338652
0.062988 -2.337851
0.063232 -2.336988
0.063477 -2.336064
0.063721 -2.335081
0.063965 -2.334037
0.064209 -2.332935
0.064453 -2.331775
0.064697 -2.330556
0.064941 -2.329281
0.065186 -2.327948
0.065430 -2.326560
0.065674 -2.325116
0.065918 -2.323618
0.066162 -2.322065
0.066406 -2.320459
0.066650 -2.318800
0.066895 -2.317089
0.067139 -2.315325
0.067383 -2.313511
0.067627 -2.311646
0.067871 -2.309732
0.068115 -2.307768
0.068359 -2.305756
0.068604 -2.303695
0.068848 -2.301588
0.069092 -2.299433
0.069336 -2.297233
0.069580 -2.294987
0.069824 -2.292697
0.070068 -2.290362
0.070312 -2.287984
0.070557 -2.285564
0.070801 -2.283101
0.071045 -2.280597
0.071289 -2.278052
0.071533 -2.275466
0.071777 -2.272842
0.072021 -2.270178
0.072266 -2.267476
0.072510 -2.264737
0.072754 -2.261961
0.072998 -2.259149
0.073242 -2.256301
0.073486 -2.253419
0.073730 -2.250502
0.073975 -2.247552
0.074219 -2.244569
0.074463 -2.241554
0.074707 -2.238507
0.074951 -2.235430
0.075195 -2.232322
0.075439 -2.229185
0.075684 -2.226020
0.075928 -2.222826
0.076172 -2.219605
0.076416 -2.216356
0.076660 -2.213082
0.076904 -2.209783
0.077148 -2.206458
0.077393 -2.203110
0.077637 -2.199738
0.077881 -2.196344
0.078125 -2.192927
0.078369 -2.189490
0.078613 -2.186031
0.078857 -2.182552
0.079102 -2.179054
0.079346 -2.175538
0.079590 -2.172003
0.079834 -2.168451
0.080078 -2.164882
0.080322 -2.161297
0.080566 -2.157697
0.080811 -2.154082
0.081055 -2.150453
0.081299 -2.146811
0.081543 -2.143156
0.081787 -2.139489
0.082031 -2.135810
0.082275 -2.132121
0.082520 -2.128421
0.082764 -2.124713
0.083008 -2.120995
0.083252 -2.117269
0.083496 -2.113536
0.083740 -2.109795
0.083984 -2.106049
0.084229 -2.102297
0.084473 -2.098540
0.084717 -2.094778
0.084961 -2.091013
0.085205 -2.087245
0.085449 -2.083474
0.085693 -2.079702
0.085938 -2.075928
0.086182 -2.072154
0.086426 -2.068380
0.086670 -2.064606
0.086914 -2.060834
0.087158 -2.057063
0.087402 -2.053295
0.087646 -2.049530
0.087891 -2.045769
0.088135 -2.042012
0.088379 -2.038259
0.088623 -2.034512
0.088867 -2.030772
0.089111 -2.027037
0.089355 -2.023310
0.089600 -2.019591
0.089844 -2.015880
0.090088 -2.012178
0.090332 -2.008485
0.090576 -2.004802
0.090820 -2.001130
0.091064 -1.997469
0.091309 -1.993819
0.091553 -1.990182
0.091797 -1.986557
0.092041 -1.982946
0.092285 -1.979349
0.092529 -1.975766
0.092773 -1.972197
0.093018 -1.968644
0.093262 -1.965107
0.093506 -1.961586
0.093750 -1.958083
0.093994 -1.954596
0.094238 -1.951128
0.094482 -1.947678
0.094727 -1.944246
0.094971 -1.940834
0.095215 -1.937442
0.095459 -1.934070
0.095703 -1.930719
0.095947 -1.927390
0.096191 -1.924081
0.096436 -1.920795
0.096680 -1.917532
0.096924 -1.914292
0.097168 -1.911075
0.097412 -1.907882
0.097656 -1.904713
0.097900 -1.901569
0.098145 -1.898450
0.098389 -1.895357
0.098633 -1.892290
0.098877 -1.889249
0.099121 -1.886235
0.099365 -1.883248
0.099609 -1.880289
0.099854 -1.877358
0.100098 -1.874455
0.100342 -1.871581
0.100586 -1.868736
0.100830 -1.865920
0.101074 -1.863134
0.101318 -1.860378
0.101562 -1.857653
0.101807 -1.854958
0.102051 -1.852294
0.102295 -1.849662
0.102539 -1.847062
0.102783 -1.844494
0.103027 -1.841958
0.103271 -1.839455
0.103516 -1.836985
0.103760 -1.834548
0.104004 -1.832145
0.104248 -1.829776
0.104492 -1.827441
0.104736 -1.825140
0.104980 -1.822874
0.105225 -1.820642
0.105469 -1.818446
0.105713 -1.816286
0.105957 -1.814161
0.106201 -1.812071
0.106445 -1.810018
0.106689 -1.808001
0.106934 -1.806021
0.107178 -1.804078
0.107422 -1.802171
0.107666 -1.800302
0.107910 -1.798470
0.108154 -1.796675
0.108398 -1.794918
0.108643 -1.793199
0.108887 -1.791518
0.109131 -1.789875
0.109375 -1.788271
0.109619 -1.786705
0.109863 -1.785178
0.110107 -1.783689
0.110352 -1.782239
0.110596 -1.780829
0.110840 -1.779457
0.111084 -1.778125
0.111328 -1.776832
0.111572 -1.775578
0.111816 -1.774364
0.112061 -1.773190
0.112305 -1.772055
0.112549 -1.770960
0.112793 -1.769905
0.113037 -1.768890
0.113281 -1.767915
0.113525 -1.766980
0.113770 -1.766085
0.114014 -1.765230
0.114258 -1.764415
0.114502 -1.763641
0.114746 -1.762906
0.114990 -1.762212
0.115234 -1.761558
0.115479 -1.760944
0.115723 -1.760371
0.115967 -1.759837
0.116211 -1.759344
0.116455 -1.758891
0.116699 -1.758478
0.116943 -1.758105
0.117188 -1.757773
0.117432 -1.757480
0.117676 -1.757227
0.117920 -1.757014
0.118164 -1.756841
0.118408 -1.756708
0.118652 -1.756615
0.118896 -1.756561
0.119141 -1.756547
0.119385 -1.756572
0.119629 -1.756637
0.119873 -1.756741
0.120117 -1.756884
0.120361 -1.757066
0.120605 -1.757288
0.120850 -1.757548
0.121094 -1.757846
0.121338 -1.758184
0.121582 -1.758559
0.121826 -1.758973
0.122070 -1.759426
0.122314 -1.759916
0.122559 -1.760444
0.122803 -1.761010
0.123047 -1.761613
0.123291 -1.762253
0.123535 -1.762931
0.123779 -1.763646
0.124023 -1.764397
0.124268 -1.765185
0.124512 -1.766010
0.124756 -1.766870
0.125000 -1.767767
0.125244 -1.768699
0.125488 -1.769667
0.125732 -1.770671
0.125977 -1.771709
0.126221 -1.772782
0.126465 -1.773890
0.126709 -1.775033
0.126953 -1.776209
0.127197 -1.777419
0.127441 -1.778663
0.127686 -1.779941
0.127930 -1.781252
0.128174 -1.782595
0.128418 -1.783971
0.128662 -1.785380
0.128906 -1.786820
0.129150 -1.788292
0.129395 -1.789796
0.129639 -1.791331
0.129883 -1.792897
0.130127 -1.794493
0.130371 -1.796120
0.130615 -1.797777
0.130859 -1.799463
0.131104 -1.801179
0.131348 -1.802924
0.131592 -1.804698
0.131836 -1.806500
0.132080 -1.808330
0.132324 -1.810188
0.132568 -1.812073
0.132812 -1.813986
0.133057 -1.815925
0.133301 -1.817890
0.133545 -1.819882
0.133789 -1.821900
0.134033 -1.823942
0.134277 -1.826010
0.134521 -1.828103
0.134766 -1.830220
0.135010 -1.832360
0.135254 -1.834525
0.135498 -1.836712
0.135742 -1.838923
0.135986 -1.841156
0.136230 -1.843411
0.136475 -1.845687
0.136719 -1.847985
0.136963 -1.850304
0.137207 -1.852644
0.137451 -1.855004
0.137695 -1.857383
0.137939 -1.859782
0.138184 -1.862200
0.138428 -1.864637
0.138672 -1.867092
0.138916 -1.869565
0.139160 -1.872055
0.139404 -1.874562
0.139648 -1.877086
0.139893 -1.879626
0.140137 -1.882182
0.140381 -1.884753
0.140625 -1.887339
0.140869 -1.889940
0.141113 -1.892555
0.141357 -1.895184
0.141602 -1.897826
0.141846 -1.900482
0.142090 -1.903149
0.142334 -1.905829
0.142578 -1.908521
0.142822 -1.911224
0.143066 -1.913937
0.143311 -1.916662
0.143555 -1.919396
0.143799 -1.922140
0.144043 -1.924893
0.144287 -1.927655
0.144531 -1.930425
0.144775 -1.933203
0.145020 -1.935989
0.145264 -1.938781
0.145508 -1.941581
0.145752 -1.944387
0.145996 -1.947198
0.146240 -1.950015
0.146484 -1.952837
0.146729 -1.955664
0.146973 -1.958494
0.147217 -1.961329
0.147461 -1.964167
0.147705 -1.967007
0.147949 -1.969850
0.148193 -1.972696
0.148438 -1.975542
0.148682 -1.978391
0.148926 -1.981240
0.149170 -1.984089
0.149414 -1.986938
0.149658 -1.989787
0.149902 -1.992635
0.150146 -1.995482
0.150391 -1.998327
0.150635 -2.001171
0.150879 -2.004011
0.151123 -2.006849
0.151367 -2.009684
0.151611 -2.012515
0.151855 -2.015342
0.152100 -2.018164
0.152344 -2.020982
0.152588 -2.023794
0.152832 -2.026601
0.153076 -2.029402
0.153320 -2.032196
0.153564 -2.034983
0.153809 -2.037763
0.154053 -2.040536
0.154297 -2.043301
0.154541 -2.046057
0.154785 -2.048805
0.155029 -2.051543
0.155273 -2.054273
0.155518 -2.056992
0.155762 -2.059701
0.156006 -2.062400
0.156250 -2.065087
0.156494 -2.067764
0.156738 -2.070428
0.156982 -2.073081
0.157227 -2.075721
0.157471 -2.078349
0.157715 -2.080964
0.157959 -2.083565
0.158203 -2.086153
0.158447 -2.088726
0.158691 -2.091285
0.158936 -2.093830
0.159180 -2.096359
0.159424 -2.098874
0.159668 -2.101372
0.159912 -2.103854
0.160156 -2.106321
0.160400 -2.108770
0.160645 -2.111203
0.160889 -2.113618
0.161133 -2.116016
0.161377 -2.118396
0.161621 -2.120758
0.161865 -2.123101
0.162109 -2.125426
0.162354 -2.127732
0.162598 -2.130019
0.162842 -2.132286
0.163086 -2.134533
0.163330 -2.136761
0.163574 -2.138968
0.163818 -2.141154
0.164062 -2.143320
0.164307 -2.145465
0.164551 -2.147588
0.164795 -2.149690
0.165039 -2.151770
0.165283 -2.153828
0.165527 -2.155864
0.165771 -2.157877
0.166016 -2.159868
0.166260 -2.161835
0.166504 -2.163780
0.166748 -2.165701
0.166992 -2.167599
0.167236 -2.169473
0.167480 -2.171324
0.167725 -2.173150
0.167969 -2.174952
0.168213 -2.176729
0.168457 -2.178482
0.168701 -2.180210
0.168945 -2.181914
0.169189 -2.183592
0.169434 -2.185245
0.169678 -2.186872
0.169922 -2.188474
0.170166 -2.190050
0.170410 -2.191601
0.170654 -2.193125
0.170898 -2.194624
0.171143 -2.196096
0.171387 -2.197542
0.171631 -2.198961
0.171875 -2.200354
0.172119 -2.201721
0.172363 -2.203061
0.172607 -2.204373
0.172852 -2.205660
0.173096 -2.206919
0.173340 -2.208151
0.173584 -2.209356
0.173828 -2.210533
0.174072 -2.211684
0.174316 -2.212807
0.174561 -2.213903
0.174805 -2.214972
0.175049 -2.216013
0.175293 -2.217027
0.175537 -2.218013
0.175781 -2.218972
0.176025 -2.219904
0.176270 -2.220808
0.176514 -2.221684
0.176758 -2.222533
0.177002 -2.223354
0.177246 -2.224148
0.177490 -2.224914
0.177734 -2.225653
0.177979 -2.226365
0.178223 -2.227049
0.178467 -2.227706
0.178711 -2.228335
0.178955 -2.228937
0.179199 -2.229512
0.179443 -2.230060
0.179688 -2.230580
0.179932 -2.231074
0.180176 -2.231541
0.180420 -2.231980
0.180664 -2.232393
0.180908 -2.232779
0.181152 -2.233139
0.181396 -2.233472
0.181641 -2.233779
0.181885 -2.234059
0.182129 -2.234313
0.182373 -2.234541
0.182617 -2.234744
0.182861 -2.234920
0.183105 -2.235071
0.183350 -2.235196
0.183594 -2.235296
0.183838 -2.235370
0.184082 -2.235420
0.184326 -2.235444
0.184570 -2.235444
0.184814 -2.235419
0.185059 -2.235370
0.185303 -2.235297
0.185547 -2.235199
0.185791 -2.235078
0.186035 -2.234933
0.186279 -2.234765
0.186523 -2.234573
0.186768 -2.234358
0.187012 -2.234121
0.187256 -2.233861
0.187500 -2.233578
0.187744 -2.233274
0.187988 -2.232947
0.188232 -2.232599
0.188477 -2.232230
0.188721 -2.231839
0.188965 -2.231427
0.189209 -2.230995
0.189453 -2.230543
0.189697 -2.230070
0.189941 -2.229577
0.190186 -2.229065
0.190430 -2.228534
0.190674 -2.227983
0.190918 -2.227414
0.191162 -2.226826
0.191406 -2.226220
0.191650 -2.225597
0.191895 -2.224956
0.192139 -2.224297
0.192383 -2.223622
0.192627 -2.222930
0.192871 -2.222222
0.193115 -2.221499
0.193359 -2.220759
0.193604 -2.220004
0.193848 -2.219234
0.194092 -2.218450
0.194336 -2.217652
0.194580 -2.216839
0.194824 -2.216013
0.195068 -2.215174
0.195312 -2.214322
0.195557 -2.213458
0.195801 -2.212582
0.196045 -2.211694
0.196289 -2.210794
0.196533 -2.209884
0.196777 -2.208963
0.197021 -2.208032
0.197266 -2.207091
0.197510 -2.206141
0.197754 -2.205182
0.197998 -2.204214
0.198242 -2.203238
0.198486 -2.202254
0.198730 -2.201263
0.198975 -2.200265
0.199219 -2.199260
0.199463 -2.198249
0.199707 -2.197233
0.199951 -2.196211
0.200195 -2.195184
0.200439 -2.194153
0.200684 -2.193117
0.200928 -2.192079
0.201172 -2.191037
0.201416 -2.189992
0.201660 -2.188945
0.201904 -2.187896
0.202148 -2.186846
0.202393 -2.185795
0.202637 -2.184743
0.202881 -2.183691
0.203125 -2.182640
0.203369 -2.181589
0.203613 -2.180540
0.203857 -2.179493
0.204102 -2.178448
0.204346 -2.177405
0.204590 -2.176366
0.204834 -2.175330
0.205078 -2.174298
0.205322 -2.173271
0.205566 -2.172249
0.205811 -2.171232
0.206055 -2.170222
0.206299 -2.169217
0.206543 -2.168220
0.206787 -2.167230
0.207031 -2.166248
0.207275 -2.165274
0.207520 -2.164309
0.207764 -2.163353
0.208008 -2.162407
0.208252 -2.161471
0.208496 -2.160546
0.208740 -2.159632
0.208984 -2.158730
0.209229 -2.157840
0.209473 -2.156962
0.209717 -2.156098
0.209961 -2.155247
0.210205 -2.154410
0.210449 -2.153588
0.210693 -2.152781
0.210938 -2.151989
0.211182 -2.151214
0.211426 -2.150455
0.211670 -2.149712
0.211914 -2.148988
0.212158 -2.148281
0.212402 -2.147592
0.212646 -2.146923
0.212891 -2.146273
0.213135 -2.145642
0.213379 -2.145032
0.213623 -2.144443
0.213867 -2.143875
0.214111 -2.143329
0.214355 -2.142805
0.214600 -2.142303
0.214844 -2.141825
0.215088 -2.141371
0.215332 -2.140940
0.215576 -2.140534
0.215820 -2.140154
0.216064 -2.139798
0.216309 -2.139469
0.216553 -2.139166
0.216797 -2.138890
0.217041 -2.138641
0.217285 -2.138420
0.217529 -2.138228
0.217773 -2.138064
0.218018 -2.137929
0.218262 -2.137824
0.218506 -2.137749
0.218750 -2.137704
0.218994 -2.137690
0.219238 -2.137708
0.219482 -2.137757
0.219727 -2.137839
0.219971 -2.137954
0.220215 -2.138101
0.220459 -2.138283
0.220703 -2.138498
0.220947 -2.138747
0.221191 -2.139032
0.221436 -2.139351
0.221680 -2.139706
0.221924 -2.140098
0.222168 -2.140526
0.222412 -2.140990
0.222656 -2.141492
0.222900 -2.142032
0.223145 -2.142609
0.223389 -2.143226
0.223633 -2.143881
0.223877 -2.144575
0.224121 -2.145309
0.224365 -2.146083
0.224609 -2.146897
0.224854 -2.147752
0.225098 -2.148648
0.225342 -2.149585
0.225586 -2.150565
0.225830 -2.151586
0.226074 -2.152651
0.226318 -2.153758
0.226562 -2.154908
0.226807 -2.156102
0.227051 -2.157340
0.227295 -2.158621
0.227539 -2.159948
0.227783 -2.161319
0.228027 -2.162736
0.228271 -2.164198
0.228516 -2.165706
0.228760 -2.167260
0.229004 -2.168861
0.229248 -2.170508
0.229492 -2.172202
0.229736 -2.173944
0.229980 -2.175733
0.230225 -2.177570
0.230469 -2.179455
0.230713 -2.181389
0.230957 -2.183371
0.231201 -2.185402
0.231445 -2.187483
0.231689 -2.189612
0.231934 -2.191792
0.232178 -2.194021
0.232422 -2.196300
0.232666 -2.198630
0.232910 -2.201010
0.233154 -2.203441
0.233398 -2.205924
0.233643 -2.208457
0.233887 -2.211041
0.234131 -2.213678
0.234375 -2.216366
0.234619 -2.219105
0.234863 -2.221897
0.235107 -2.224742
0.235352 -2.227639
0.235596 -2.230588
0.235840 -2.233590
0.236084 -2.236645
0.236328 -2.239753
0.236572 -2.242915
0.236816 -2.246129
0.237061 -2.249397
0.237305 -2.252719
0.237549 -2.256094
0.237793 -2.259523
0.238037 -2.263006
0.238281 -2.266543
0.238525 -2.270134
0.238770 -2.273779
0.239014 -2.277479
0.239258 -2.281232
0.239502 -2.285040
0.239746 -2.288902
0.239990 -2.292819
0.240234 -2.296790
0.240479 -2.300816
0.240723 -2.304896
0.240967 -2.309031
0.241211 -2.313220
0.241455 -2.317464
0.241699 -2.321763
0.241943 -2.326116
0.242188 -2.330524
0.242432 -2.334986
0.242676 -2.339503
0.242920 -2.344075
0.243164 -2.348701
0.243408 -2.353381
0.243652 -2.358116
0.243896 -2.362905
0.244141 -2.367748
0.244385 -2.372646
0.244629 -2.377598
0.244873 -2.382604
0.245117 -2.387664
0.245361 -2.392777
0.245605 -2.397945
0.245850 -2.403166
0.246094 -2.408440
0.246338 -2.413769
0.246582 -2.419150
0.246826 -2.424585
0.247070 -2.430072
0.247314 -2.435613
0.247559 -2.441206
0.247803 -2.446852
0.248047 -2.452550
0.248291 -2.458301
0.248535 -2.464103
0.248779 -2.469957
0.249023 -2.475863
0.249268 -2.481821
0.249512 -2.487830
0.249756 -2.493889
0.250000 -2.500000
0.250244 -2.506161
0.250488 -2.512373
0.250732 -2.518634
0.250977 -2.524946
0.251221 -2.531307
0.251465 -2.537718
0.251709 -2.544177
0.251953 -2.550685
0.252197 -2.557242
0.252441 -2.563848
0.252686 -2.570501
0.252930 -2.577201
0.253174 -2.583950
0.253418 -2.590745
0.253662 -2.597587
0.253906 -2.604475
0.254150 -2.611409
0.254395 -2.618389
0.254639 -2.625414
0.254883 -2.632485
0.255127 -2.639600
0.255371 -2.646759
0.255615 -2.653963
0.255859 -2.661209
0.256104 -2.668499
0.256348 -2.675832
0.256592 -2.683207
0.256836 -2.690624
0.257080 -2.698083
0.257324 -2.705583
0.257568 -2.713124
0.257812 -2.720705
0.258057 -2.728325
0.258301 -2.735986
0.258545 -2.743685
0.258789 -2.751423
0.259033 -2.759199
0.259277 -2.767012
0.259521 -2.774863
0.259766 -2.782751
0.260010 -2.790674
0.260254 -2.798634
0.260498 -2.806628
0.260742 -2.814658
0.260986 -2.822721
0.261230 -2.830819
0.261475 -2.838949
0.261719 -2.847113
0.261963 -2.855308
0.262207 -2.863535
0.262451 -2.871794
0.262695 -2.880082
0.262939 -2.888401
0.263184 -2.896750
0.263428 -2.905127
0.263672 -2.913533
0.263916 -2.921967
0.264160 -2.930427
0.264404 -2.938915
0.264648 -2.947429
0.264893 -2.955968
0.265137 -2.964532
0.265381 -2.973120
0.265625 -2.981732
0.265869 -2.990368
0.266113 -2.999025
0.266357 -3.007705
0.266602 -3.016406
0.266846 -3.025128
0.267090 -3.033870
0.267334 -3.042631
0.267578 -3.051411
0.267822 -3.060209
0.268066 -3.069024
0.268311 -3.077857
0.268555 -3.086705
0.268799 -3.095570
0.269043 -3.104449
0.269287 -3.113342
0.269531 -3.122249
0.269775 -3.131169
0.270020 -3.140101
0.270264 -3.149044
0.270508 -3.157999
0.270752 -3.166964
0.270996 -3.175938
0.271240 -3.184921
0.271484 -3.193912
0.271729 -3.202910
0.271973 -3.211915
0.272217 -3.220927
0.272461 -3.229943
0.272705 -3.238964
0.272949 -3.247989
0.273193 -3.257018
0.273438 -3.266048
0.273682 -3.275081
0.273926 -3.284114
0.274170 -3.293148
0.274414 -3.302181
0.274658 -3.311213
0.274902 -3.320244
0.275146 -3.329271
0.275391 -3.338295
0.275635 -3.347316
0.275879 -3.356331
0.276123 -3.365340
0.276367 -3.374344
0.276611 -3.383340
0.276855 -3.392328
0.277100 -3.401308
0.277344 -3.410279
0.277588 -3.419239
0.277832 -3.428189
0.278076 -3.437127
0.278320 -3.446052
0.278564 -3.454965
0.278809 -3.463863
0.279053 -3.472747
0.279297 -3.481616
0.279541 -3.490468
0.279785 -3.499303
0.280029 -3.508121
0.280273 -3.516920
0.280518 -3.525700
0.280762 -3.534460
0.281006 -3.543200
0.281250 -3.551917
0.281494 -3.560613
0.281738 -3.569285
0.281982 -3.577934
0.282227 -3.586558
0.282471 -3.595156
0.282715 -3.603729
0.282959 -3.612274
0.283203 -3.620792
0.283447 -3.629282
0.283691 -3.637742
0.283936 -3.646172
0.284180 -3.654571
0.284424 -3.662939
0.284668 -3.671275
0.284912 -3.679577
0.285156 -3.687846
0.285400 -3.696080
0.285645 -3.704279
0.285889 -3.712442
0.286133 -3.720568
0.286377 -3.728656
0.286621 -3.736706
0.286865 -3.744717
0.287109 -3.752688
0.287354 -3.760618
0.287598 -3.768507
0.287842 -3.776354
0.288086 -3.784157
0.288330 -3.791917
0.288574 -3.799633
0.288818 -3.807304
0.289062 -3.814929
0.289307 -3.822507
0.289551 -3.830038
0.289795 -3.837520
0.290039 -3.844954
0.290283 -3.852339
0.290527 -3.859673
0.290771 -3.866956
0.291016 -3.874187
0.291260 -3.881366
0.291504 -3.888492
0.291748 -3.895564
0.291992 -3.902581
0.292236 -3.909543
0.292480 -3.916449
0.292725 -3.923298
0.292969 -3.930090
0.293213 -3.936824
0.293457 -3.943499
0.293701 -3.950115
0.293945 -3.956670
0.294189 -3.963165
0.294434 -3.969598
0.294678 -3.975969
0.294922 -3.982277
0.295166 -3.988521
0.295410 -3.994702
0.295654 -4.000817
0.295898 -4.006867
0.296143 -4.012851
0.296387 -4.018768
0.296631 -4.024617
0.296875 -4.030399
0.297119 -4.036112
0.297363 -4.041755
0.297607 -4.047329
0.297852 -4.052831
0.298096 -4.058263
0.298340 -4.063623
0.298584 -4.068910
0.298828 -4.074125
0.299072 -4.079265
0.299316 -4.084332
0.299561 -4.089324
0.299805 -4.094240
0.300049 -4.099081
0.300293 -4.103845
0.300537 -4.108531
0.300781 -4.113141
0.301025 -4.117672
0.301270 -4.122124
0.301514 -4.126497
0.301758 -4.130790
0.302002 -4.135003
0.302246 -4.139135
0.302490 -4.143185
0.302734 -4.147154
0.302979 -4.151040
0.303223 -4.154843
0.303467 -4.158563
0.303711 -4.162199
0.303955 -4.165750
0.304199 -4.169217
0.304443 -4.172598
0.304688 -4.175893
0.304932 -4.179102
0.305176 -4.182224
0.305420 -4.185260
0.305664 -4.188207
0.305908 -4.191066
0.306152 -4.193837
0.306396 -4.196519
0.306641 -4.199112
0.306885 -4.201615
0.307129 -4.204028
0.307373 -4.206350
0.307617 -4.208581
0.307861 -4.210721
0.308105 -4.212770
0.308350 -4.214726
0.308594 -4.216590
0.308838 -4.218361
0.309082 -4.220039
0.309326 -4.221624
0.309570 -4.223114
0.309814 -4.224511
0.310059 -4.225813
0.310303 -4.227021
0.310547 -4.228134
0.310791 -4.229151
0.311035 -4.230072
0.311279 -4.230898
0.311523 -4.231627
0.311768 -4.232260
0.312012 -4.232797
0.312256 -4.233236
0.312500 -4.233578
0.312744 -4.233823
0.312988 -4.233970
0.313232 -4.234019
0.313477 -4.233971
0.313721 -4.233823
0.313965 -4.233578
0.314209 -4.233233
0.314453 -4.232790
0.314697 -4.232248
0.314941 -4.231606
0.315186 -4.230865
0.315430 -4.230025
0.315674 -4.229085
0.315918 -4.228045
0.316162 -4.226905
0.316406 -4.225665
0.316650 -4.224325
0.316895 -4.222885
0.317139 -4.221344
0.317383 -4.219703
0.317627 -4.217961
0.317871 -4.216119
0.318115 -4.214176
0.318359 -4.212132
0.318604 -4.209987
0.318848 -4.207742
0.319092 -4.205396
0.319336 -4.202948
0.319580 -4.200400
0.319824 -4.197751
0.320068 -4.195002
0.320312 -4.192151
0.320557 -4.189199
0.320801 -4.186147
0.321045 -4.182993
0.321289 -4.179739
0.321533 -4.176384
0.321777 -4.172929
0.322021 -4.169373
0.322266 -4.165716
0.322510 -4.161959
0.322754 -4.158101
0.322998 -4.154143
0.323242 -4.150085
0.323486 -4.145927
0.323730 -4.141669
0.323975 -4.137311
0.324219 -4.132853
0.324463 -4.128296
0.324707 -4.123639
0.324951 -4.118883
0.325195 -4.114028
0.325439 -4.109075
0.325684 -4.104022
0.325928 -4.098871
0.326172 -4.093622
0.326416 -4.088274
0.326660 -4.082829
0.326904 -4.077286
0.327148 -4.071645
0.327393 -4.065907
0.327637 -4.060073
0.327881 -4.054141
0.328125 -4.048113
0.328369 -4.041989
0.328613 -4.035770
0.328857 -4.029454
0.329102 -4.023043
0.329346 -4.016537
0.329590 -4.009937
0.329834 -4.003242
0.330078 -3.996453
0.330322 -3.989570
0.330566 -3.982594
0.330811 -3.975524
0.331055 -3.968362
0.331299 -3.961108
0.331543 -3.953762
0.331787 -3.946324
0.332031 -3.938794
0.332275 -3.931174
0.332520 -3.923464
0.332764 -3.915663
0.333008 -3.907773
0.333252 -3.899794
0.333496 -3.891726
0.333740 -3.883569
0.333984 -3.875325
0.334229 -3.866993
0.334473 -3.858574
0.334717 -3.850068
0.334961 -3.841477
0.335205 -3.832800
0.335449 -3.824037
0.335693 -3.815190
0.335938 -3.806259
0.336182 -3.797244
0.336426 -3.788146
0.336670 -3.778966
0.336914 -3.769703
0.337158 -3.760359
0.337402 -3.750933
0.337646 -3.741427
0.337891 -3.731841
0.338135 -3.722176
0.338379 -3.712432
0.338623 -3.702609
0.338867 -3.692709
0.339111 -3.682731
0.339355 -3.672677
0.339600 -3.662547
0.339844 -3.652341
0.340088 -3.642061
0.340332 -3.631706
0.340576 -3.621278
0.340820 -3.610777
0.341064 -3.600204
0.341309 -3.589558
0.341553 -3.578842
0.341797 -3.568055
0.342041 -3.557198
0.342285 -3.546272
0.342529 -3.535278
0.342773 -3.524216
0.343018 -3.513086
0.343262 -3.501890
0.343506 -3.490628
0.343750 -3.479301
0.343994 -3.467909
0.344238 -3.456453
0.344482 -3.444935
0.344727 -3.433354
0.344971 -3.421711
0.345215 -3.410007
0.345459 -3.398243
0.345703 -3.386419
0.345947 -3.374536
0.346191 -3.362595
0.346436 -3.350597
0.346680 -3.338541
0.346924 -3.326430
0.347168 -3.314264
0.347412 -3.302043
0.347656 -3.289768
0.347900 -3.277441
0.348145 -3.265061
0.348389 -3.252629
0.348633 -3.240147
0.348877 -3.227615
0.349121 -3.215033
0.349365 -3.202404
0.349609 -3.189726
0.349854 -3.177002
0.350098 -3.164231
0.350342 -3.151415
0.350586 -3.138555
0.350830 -3.125650
0.351074 -3.112703
0.351318 -3.099714
0.351562 -3.086683
0.351807 -3.073612
0.352051 -3.060500
0.352295 -3.047350
0.352539 -3.034162
0.352783 -3.020936
0.353027 -3.007674
0.353271 -2.994376
0.353516 -2.981043
0.353760 -2.967675
0.354004 -2.954275
0.354248 -2.940842
0.354492 -2.927377
0.354736 -2.913882
0.354980 -2.900356
0.355225 -2.886801
0.355469 -2.873218
0.355713 -2.859608
0.355957 -2.845970
0.356201 -2.832307
0.356445 -2.818619
0.356689 -2.804906
0.356934 -2.791170
0.357178 -2.777411
0.357422 -2.763631
0.357666 -2.749830
0.357910 -2.736009
0.358154 -2.722168
0.358398 -2.708309
0.358643 -2.694433
0.358887 -2.680539
0.359131 -2.666630
0.359375 -2.652706
0.359619 -2.638768
0.359863 -2.624816
0.360107 -2.610852
0.360352 -2.596876
0.360596 -2.582889
0.360840 -2.568892
0.361084 -2.554886
0.361328 -2.540872
0.361572 -2.526850
0.361816 -2.512821
0.362061 -2.498787
0.362305 -2.484747
0.362549 -2.470703
0.362793 -2.456656
0.363037 -2.442606
0.363281 -2.428555
0.363525 -2.414503
0.363770 -2.400450
0.364014 -2.386398
0.364258 -2.372348
0.364502 -2.358301
0.364746 -2.344256
0.364990 -2.330216
0.365234 -2.316180
0.365479 -2.302150
0.365723 -2.288127
0.365967 -2.274110
0.366211 -2.260102
0.366455 -2.246103
0.366699 -2.232113
0.366943 -2.218134
0.367188 -2.204166
0.367432 -2.190210
0.367676 -2.176267
0.367920 -2.162338
0.368164 -2.148423
0.368408 -2.134524
0.368652 -2.120640
0.368896 -2.106773
0.369141 -2.092924
0.369385 -2.079093
0.369629 -2.065281
0.369873 -2.051489
0.370117 -2.037718
0.370361 -2.023968
0.370605 -2.010240
0.370850 -1.996536
0.371094 -1.982854
0.371338 -1.969197
0.371582 -1.955566
0.371826 -1.941960
0.372070 -1.928381
0.372314 -1.914829
0.372559 -1.901305
0.372803 -1.887810
0.373047 -1.874344
0.373291 -1.860909
0.373535 -1.847505
0.373779 -1.834132
0.374023 -1.820791
0.374268 -1.807484
0.374512 -1.794210
0.374756 -1.780971
0.375000 -1.767767
0.375244 -1.754599
0.375488 -1.741467
0.375732 -1.728372
0.375977 -1.715315
0.376221 -1.702296
0.376465 -1.689317
0.376709 -1.676377
0.376953 -1.663477
0.377197 -1.650619
0.377441 -1.637802
0.377686 -1.625028
0.377930 -1.612297
0.378174 -1.599609
0.378418 -1.586965
0.378662 -1.574366
0.378906 -1.561812
0.379150 -1.549304
0.379395 -1.536843
0.379639 -1.524429
0.379883 -1.512063
0.380127 -1.499745
0.380371 -1.487476
0.380615 -1.475256
0.380859 -1.463086
0.381104 -1.450967
0.381348 -1.438899
0.381592 -1.426882
0.381836 -1.414918
0.382080 -1.403006
0.382324 -1.391147
0.382568 -1.379343
0.382812 -1.367592
0.383057 -1.355896
0.383301 -1.344255
0.383545 -1.332670
0.383789 -1.321142
0.384033 -1.309669
0.384277 -1.298254
0.384521 -1.286897
0.384766 -1.275598
0.385010 -1.264357
0.385254 -1.253175
0.385498 -1.242052
0.385742 -1.230990
0.385986 -1.219987
0.386230 -1.209046
0.386475 -1.198165
0.386719 -1.187346
0.386963 -1.176589
0.387207 -1.165893
0.387451 -1.155261
0.387695 -1.144692
0.387939 -1.134186
0.388184 -1.123744
0.388428 -1.113366
0.388672 -1.103052
0.388916 -1.092803
0.389160 -1.082620
0.389404 -1.072502
0.389648 -1.062449
0.389893 -1.052463
0.390137 -1.042543
0.390381 -1.032690
0.390625 -1.022904
0.390869 -1.013185
0.391113 -1.003534
0.391357 -0.993951
0.391602 -0.984436
0.391846 -0.974989
0.392090 -0.965611
0.392334 -0.956301
0.392578 -0.947061
0.392822 -0.937890
0.393066 -0.928789
0.393311 -0.919757
0.393555 -0.910796
0.393799 -0.901904
0.394043 -0.893083
0.394287 -0.884333
0.394531 -0.875653
0.394775 -0.867044
0.395020 -0.858506
0.395264 -0.850039
0.395508 -0.841644
0.395752 -0.833321
0.395996 -0.825068
0.396240 -0.816888
0.396484 -0.808780
0.396729 -0.800743
0.396973 -0.792779
0.397217 -0.784887
0.397461 -0.777067
0.397705 -0.769319
0.397949 -0.761644
0.398193 -0.754042
0.398438 -0.746512
0.398682 -0.739055
0.398926 -0.731670
0.399170 -0.724358
0.399414 -0.717119
0.399658 -0.709953
0.399902 -0.702859
0.400146 -0.695839
0.400391 -0.688891
0.400635 -0.682015
0.400879 -0.675213
0.401123 -0.668484
0.401367 -0.661827
0.401611 -0.655243
0.401855 -0.648731
0.402100 -0.642293
0.402344 -0.635926
0.402588 -0.629633
0.402832 -0.623412
0.403076 -0.617263
0.403320 -0.611186
0.403564 -0.605182
0.403809 -0.599250
0.404053 -0.593390
0.404297 -0.587601
0.404541 -0.581885
0.404785 -0.576240
0.405029 -0.570667
0.405273 -0.565165
0.405518 -0.559735
0.405762 -0.554375
0.406006 -0.549087
0.406250 -0.543869
0.406494 -0.538722
0.406738 -0.533646
0.406982 -0.528639
0.407227 -0.523703
0.407471 -0.518837
0.407715 -0.514040
0.407959 -0.509313
0.408203 -0.504655
0.408447 -0.500066
0.408691 -0.495547
0.408936 -0.491095
0.409180 -0.486712
0.409424 -0.482397
0.409668 -0.478150
0.409912 -0.473971
0.410156 -0.469859
0.410400 -0.465814
0.410645 -0.461836
0.410889 -0.457924
0.411133 -0.454079
0.411377 -0.450299
0.411621 -0.446585
0.411865 -0.442937
0.412109 -0.439354
0.412354 -0.435835
0.412598 -0.432381
0.412842 -0.428990
0.413086 -0.425664
0.413330 -0.422401
0.413574 -0.419201
0.413818 -0.416064
0.414062 -0.412989
0.414307 -0.409976
0.414551 -0.407025
0.414795 -0.404135
0.415039 -0.401306
0.415283 -0.398538
0.415527 -0.395829
0.415771 -0.393181
0.416016 -0.390592
0.416260 -0.388062
0.416504 -0.385590
0.416748 -0.383177
0.416992 -0.380821
0.417236 -0.378523
0.417480 -0.376281
0.417725 -0.374096
0.417969 -0.371968
0.418213 -0.369895
0.418457 -0.367877
0.418701 -0.365913
0.418945 -0.364005
0.419189 -0.362150
0.419434 -0.360348
0.419678 -0.358600
0.419922 -0.356903
0.420166 -0.355259
0.420410 -0.353667
0.420654 -0.352126
0.420898 -0.350635
0.421143 -0.349194
0.421387 -0.347803
0.421631 -0.346461
0.421875 -0.345168
0.422119 -0.343923
0.422363 -0.342726
0.422607 -0.341576
0.422852 -0.340473
0.423096 -0.339416
0.423340 -0.338404
0.423584 -0.337438
0.423828 -0.336516
0.424072 -0.335639
0.424316 -0.334805
0.424561 -0.334014
0.424805 -0.333266
0.425049 -0.332560
0.425293 -0.331895
0.425537 -0.331272
0.425781 -0.330688
0.426025 -0.330145
0.426270 -0.329641
0.426514 -0.329176
0.426758 -0.328749
0.427002 -0.328360
0.427246 -0.328008
0.427490 -0.327693
0.427734 -0.327414
0.427979 -0.327170
0.428223 -0.326962
0.428467 -0.326788
0.428711 -0.326647
0.428955 -0.326540
0.429199 -0.326466
0.429443 -0.326424
0.429688 -0.326414
0.429932 -0.326435
0.430176 -0.326486
0.430420 -0.326567
0.430664 -0.326678
0.430908 -0.326817
0.431152 -0.326985
0.431396 -0.327180
0.431641 -0.327403
0.431885 -0.327652
0.432129 -0.327927
0.432373 -0.328227
0.432617 -0.328552
0.432861 -0.328902
0.433105 -0.329275
0.433350 -0.329671
0.433594 -0.330090
0.433838 -0.330531
0.434082 -0.330993
0.434326 -0.331476
0.434570 -0.331979
0.434814 -0.332502
0.435059 -0.333044
0.435303 -0.333605
0.435547 -0.334184
0.435791 -0.334780
0.436035 -0.335393
0.436279 -0.336022
0.436523 -0.336667
0.436768 -0.337327
0.437012 -0.338001
0.437256 -0.338690
0.437500 -0.339392
0.437744 -0.340107
0.437988 -0.340834
0.438232 -0.341573
0.438477 -0.342324
0.438721 -0.343084
0.438965 -0.343855
0.439209 -0.344636
0.439453 -0.345425
0.439697 -0.346223
0.439941 -0.347029
0.440186 -0.347842
0.440430 -0.348662
0.440674 -0.349489
0.440918 -0.350320
0.441162 -0.351158
0.441406 -0.351999
0.441650 -0.352845
0.441895 -0.353694
0.442139 -0.354547
0.442383 -0.355401
0.442627 -0.356258
0.442871 -0.357116
0.443115 -0.357976
0.443359 -0.358835
0.443604 -0.359694
0.443848 -0.360553
0.444092 -0.361411
0.444336 -0.362267
0.444580 -0.363120
0.444824 -0.363972
0.445068 -0.364820
0.445312 -0.365664
0.445557 -0.366504
0.445801 -0.367339
0.446045 -0.368170
0.446289 -0.368994
0.446533 -0.369813
0.446777 -0.370625
0.447021 -0.371429
0.447266 -0.372227
0.447510 -0.373016
0.447754 -0.373797
0.447998 -0.374569
0.448242 -0.375331
0.448486 -0.376084
0.448730 -0.376826
0.448975 -0.377558
0.449219 -0.378278
0.449463 -0.378987
0.449707 -0.379684
0.449951 -0.380368
0.450195 -0.381039
0.450439 -0.381697
0.450684 -0.382341
0.450928 -0.382971
0.451172 -0.383586
0.451416 -0.384186
0.451660 -0.384771
0.451904 -0.385340
0.452148 -0.385893
0.452393 -0.386430
0.452637 -0.386949
0.452881 -0.387451
0.453125 -0.387935
0.453369 -0.388401
0.453613 -0.388849
0.453857 -0.389278
0.454102 -0.389687
0.454346 -0.390077
0.454590 -0.390447
0.454834 -0.390797
0.455078 -0.391127
0.455322 -0.391435
0.455566 -0.391722
0.455811 -0.391988
0.456055 -0.392232
0.456299 -0.392453
0.456543 -0.392652
0.456787 -0.392828
0.457031 -0.392981
0.457275 -0.393111
0.457520 -0.393217
0.457764 -0.393298
0.458008 -0.393356
0.458252 -0.393389
0.458496 -0.393397
0.458740 -0.393381
0.458984 -0.393338
0.459229 -0.393271
0.459473 -0.393177
0.459717 -0.393057
0.459961 -0.392911
0.460205 -0.392739
0.460449 -0.392539
0.460693 -0.392313
0.460938 -0.392059
0.461182 -0.391778
0.461426 -0.391469
0.461670 -0.391133
0.461914 -0.390768
0.462158 -0.390375
0.462402 -0.389954
0.462646 -0.389504
0.462891 -0.389026
0.463135 -0.388518
0.463379 -0.387982
0.463623 -0.387416
0.463867 -0.386821
0.464111 -0.386196
0.464355 -0.385541
0.464600 -0.384857
0.464844 -0.384143
0.465088 -0.383398
0.465332 -0.382624
0.465576 -0.381819
0.465820 -0.380984
0.466064 -0.380118
0.466309 -0.379221
0.466553 -0.378294
0.466797 -0.377336
0.467041 -0.376348
0.467285 -0.375328
0.467529 -0.374277
0.467773 -0.373196
0.468018 -0.372083
0.468262 -0.370939
0.468506 -0.369763
0.468750 -0.368557
0.468994 -0.367319
0.469238 -0.366050
0.469482 -0.364749
0.469727 -0.363417
0.469971 -0.362054
0.470215 -0.360659
0.470459 -0.359233
0.470703 -0.357776
0.470947 -0.356287
0.471191 -0.354767
0.471436 -0.353215
0.471680 -0.351633
0.471924 -0.350018
0.472168 -0.348373
0.472412 -0.346697
0.472656 -0.344989
0.472900 -0.343250
0.473145 -0.341480
0.473389 -0.339679
0.473633 -0.337847
0.473877 -0.335985
0.474121 -0.334091
0.474365 -0.332167
0.474609 -0.330212
0.474854 -0.328227
0.475098 -0.326212
0.475342 -0.324166
0.475586 -0.322089
0.475830 -0.319983
0.476074 -0.317847
0.476318 -0.315681
0.476562 -0.313485
0.476807 -0.311260
0.477051 -0.309006
0.477295 -0.306722
0.477539 -0.304409
0.477783 -0.302066
0.478027 -0.299696
0.478271 -0.297296
0.478516 -0.294868
0.478760 -0.292412
0.479004 -0.289927
0.479248 -0.287415
0.479492 -0.284874
0.479736 -0.282307
0.479980 -0.279711
0.480225 -0.277089
0.480469 -0.274440
0.480713 -0.271764
0.480957 -0.269061
0.481201 -0.266332
0.481445 -0.263577
0.481689 -0.260796
0.481934 -0.257989
0.482178 -0.255157
0.482422 -0.252300
0.482666 -0.249417
0.482910 -0.246510
0.483154 -0.243579
0.483398 -0.240624
0.483643 -0.237644
0.483887 -0.234641
0.484131 -0.231614
0.484375 -0.228565
0.484619 -0.225492
0.484863 -0.222397
0.485107 -0.219280
0.485352 -0.216140
0.485596 -0.212979
0.485840 -0.209796
0.486084 -0.206593
0.486328 -0.203368
0.486572 -0.200123
0.486816 -0.196858
0.487061 -0.193572
0.487305 -0.190267
0.487549 -0.186943
0.487793 -0.183600
0.488037 -0.180238
0.488281 -0.176858
0.488525 -0.173460
0.488770 -0.170044
0.489014 -0.166611
0.489258 -0.163161
0.489502 -0.159694
0.489746 -0.156211
0.489990 -0.152712
0.490234 -0.149197
0.490479 -0.145667
0.490723 -0.142122
0.490967 -0.138562
0.491211 -0.134988
0.491455 -0.131400
0.491699 -0.127799
0.491943 -0.124185
0.492188 -0.120558
0.492432 -0.116918
0.492676 -0.113266
0.492920 -0.109603
0.493164 -0.105928
0.493408 -0.102243
0.493652 -0.098547
0.493896 -0.094840
0.494141 -0.091124
0.494385 -0.087398
0.494629 -0.083664
0.494873 -0.079920
0.495117 -0.076169
0.495361 -0.072409
0.495605 -0.068642
0.495850 -0.064868
0.496094 -0.061087
0.496338 -0.057300
0.496582 -0.053507
0.496826 -0.049709
0.497070 -0.045905
0.497314 -0.042096
0.497559 -0.038283
0.497803 -0.034466
0.498047 -0.030646
0.498291 -0.026822
0.498535 -0.022995
0.498779 -0.019166
0.499023 -0.015336
0.499268 -0.011503
0.499512 -0.007669
0.499756 -0.003835
0.500000 0.000000
0.500244 0.003835
0.500488 0.007669
0.500732 0.011503
0.500977 0.015336
0.501221 0.019166
0.501465 0.022995
0.501709 0.026822
0.501953 0.030646
0.502197 0.034466
0.502441 0.038283
0.502686 0.042096
0.502930 0.045905
0.503174 0.049709
0.503418 0.053507
0.503662 0.057300
0.503906 0.061087
0.504150 0.064868
0.504395 0.068642
0.504639 0.072409
0.504883 0.076169
0.505127 0.079920
0.505371 0.083664
0.505615 0.087398
0.505859 0.091124
0.506104 0.094840
0.506348 0.098547
0.506592 0.102243
0.506836 0.105928
0.507080 0.109603
0.507324 0.113266
0.507568 0.116918
0.507812 0.120558
0.508057 0.124185
0.508301 0.127799
0.508545 0.131400
0.508789 0.134988
0.509033 0.138562
0.509277 0.142122
0.509521 0.145667
0.509766 0.149197
0.510010 0.152712
0.510254 0.156211
0.510498 0.159694
0.510742 0.163161
0.510986 0.166611
0.511230 0.170044
0.511475 0.173460
0.511719 0.176858
0.511963 0.180238
0.512207 0.183600
0.512451 0.186943
0.512695 0.190267
0.512939 0.193572
0.513184 0.196858
0.513428 0.200123
0.513672 0.203368
0.513916 0.206593
0.514160 0.209796
0.514404 0.212979
0.514648 0.216140
0.514893 0.219280
0.515137 0.222397
0.515381 0.225492
0.515625 0.228565
0.515869 0.231614
0.516113 0.234641
0.516357 0.237644
0.516602 0.240624
0.516846 0.243579
0.517090 0.246510
0.517334 0.249417
0.517578 0.252300
0.517822 0.255157
0.518066 0.257989
0.518311 0.260796
0.518555 0.263577
0.518799 0.266332
0.519043 0.269061
0.519287 0.271764
0.519531 0.274440
0.519775 0.277089
0.520020 0.279711
0.520264 0.282307
0.520508 0.284874
0.520752 0.287415
0.520996 0.289927
0.521240 0.292412
0.521484 0.294868
0.521729 0.297296
0.521973 0.299696
0.522217 0.302066
0.522461 0.304409
0.522705 0.306722
0.522949 0.309006
0.523193 0.311260
0.523438 0.313485
0.523682 0.315681
0.523926 0.317847
0.524170 0.319983
0.524414 0.322089
0.524658 0.324166
0.524902 0.326212
0.525146 0.328227
0.525391 0.330212
0.525635 0.332167
0.525879 0.334091
0.526123 0.335985
0.526367 0.337847
0.526611 0.339679
0.526855 0.341480
0.527100 0.343250
0.527344 0.344989
0.527588 0.346697
0.527832 0.348373
0.528076 0.350018
0.528320 0.351633
0.528564 0.353215
0.528809 0.354767
0.529053 0.356287
0.529297 0.357776
0.529541 0.359233
0.529785 0.360659
0.530029 0.362054
0.530273 0.363417
0.530518 0.364749
0.530762 0.366050
0.531006 0.367319
0.531250 0.368557
0.531494 0.369763
0.531738 0.370939
0.531982 0.372083
0.532227 0.373196
0.532471 0.374277
0.532715 0.375328
0.532959 0.376348
0.533203 0.377336
0.533447 0.378294
0.533691 0.379221
0.533936 0.380118
0.534180 0.380984
0.534424 0.381819
0.534668 0.382624
0.534912 0.383398
0.535156 0.384143
0.535400 0.384857
0.535645 0.385541
0.535889 0.386196
0.536133 0.386821
0.536377 0.387416
0.536621 0.387982
0.536865 0.388518
0.537109 0.389026
0.537354 0.389504
0.537598 0.389954
0.537842 0.390375
0.538086 0.390768
0.538330 0.391133
0.538574 0.391469
0.538818 0.391778
0.539062 0.392059
0.539307 0.392313
0.539551 0.392539
0.539795 0.392739
0.540039 0.392911
0.540283 0.393057
0.540527 0.393177
0.540771 0.393271
0.541016 0.393338
0.541260 0.393381
0.541504 0.393397
0.541748 0.393389
0.541992 0.393356
0.542236 0.393298
0.542480 0.393217
0.542725 0.393111
0.542969 0.392981
0.543213 0.392828
0.543457 0.392652
0.543701 0.392453
0.543945 0.392232
0.544189 0.391988
0.544434 0.391722
0.544678 0.391435
0.544922 0.391127
0.545166 0.390797
0.545410 0.390447
0.545654 0.390077
0.545898 0.389687
0.546143 0.389278
0.546387 0.388849
0.546631 0.388401
0.546875 0.387935
0.547119 0.387451
0.547363 0.386949
0.547607 0.386430
0.547852 0.385893
0.548096 0.385340
0.548340 0.384771
0.548584 0.384186
0.548828 0.383586
0.549072 0.382971
0.549316 0.382341
0.549561 0.381697
0.549805 0.381039
0.550049 0.380368
0.550293 0.379684
0.550537 0.378987
0.550781 0.378278
0.551025 0.377558
0.551270 0.376826
0.551514 0.376084
0.551758 0.375331
0.552002 0.374569
0.552246 0.373797
0.552490 0.373016
0.552734 0.372227
0.552979 0.371429
0.553223 0.370625
0.553467 0.369813
0.553711 0.368994
0.553955 0.368170
0.554199 0.367339
0.554443 0.366504
0.554688 0.365664
0.554932 0.364820
0.555176 0.363972
0.555420 0.363120
0.555664 0.362267
0.555908 0.361411
0.556152 0.360553
0.556396 0.359694
0.556641 0.358835
0.556885 0.357976
0.557129 0.357116
0.557373 0.356258
0.557617 0.355401
0.557861 0.354547
0.558105 0.353694
0.558350 0.352845
0.558594 0.351999
0.558838 0.351158
0.559082 0.350320
0.559326 0.349489
0.559570 0.348662
0.559814 0.347842
0.560059 0.347029
0.560303 0.346223
0.560547 0.345425
0.560791 0.344636
0.561035 0.343855
0.561279 0.343084
0.561523 0.342324
0.561768 0.341573
0.562012 0.340834
0.562256 0.340107
0.562500 0.339392
0.562744 0.338690
0.562988 0.338001
0.563232 0.337327
0.563477 0.336667
0.563721 0.336022
0.563965 0.335393
0.564209 0.334780
0.564453 0.334184
0.564697 0.333605
0.564941 0.333044
0.565186 0.332502
0.565430 0.331979
0.565674 0.331476
0.565918 0.330993
0.566162 0.330531
0.566406 0.330090
0.566650 0.329671
0.566895 0.329275
0.567139 0.328902
0.567383 0.328552
0.567627 0.328227
0.567871 0.327927
0.568115 0.327652
0.568359 0.327403
0.568604 0.327180
0.568848 0.326985
0.569092 0.326817
0.569336 0.326678
0.569580 0.326567
0.569824 0.326486
0.570068 0.326435
0.570312 0.326414
0.570557 0.326424
0.570801 0.326466
0.571045 0.326540
0.571289 0.326647
0.571533 0.326788
0.571777 0.326962
0.572021 0.327170
0.572266 0.327414
0.572510 0.327693
0.572754 0.328008
0.572998 0.328360
0.573242 0.328749
0.573486 0.329176
0.573730 0.329641
0.573975 0.330145
0.574219 0.330688
0.574463 0.331272
0.574707 0.331895
0.574951 0.332560
0.575195 0.333266
0.575439 0.334014
0.575684 0.334805
0.575928 0.335639
0.576172 0.336516
0.576416 0.337438
0.576660 0.338404
0.576904 0.339416
0.577148 0.340473
0.577393 0.341576
0.577637 0.342726
0.577881 0.343923
0.578125 0.345168
0.578369 0.346461
0.578613 0.347803
0.578857 0.349194
0.579102 0.350635
0.579346 0.352126
0.579590 0.353667
0.579834 0.355259
0.580078 0.356903
0.580322 0.358600
0.580566 0.360348
0.580811 0.362150
0.581055 0.364005
0.581299 0.365913
0.581543 0.367877
0.581787 0.369895
0.582031 0.371968
0.582275 0.374096
0.582520 0.376281
0.582764 0.378523
0.583008 0.380821
0.583252 0.383177
0.583496 0.385590
0.583740 0.388062
0.583984 0.390592
0.584229 0.393181
0.584473 0.395829
0.584717 0.398538
0.584961 0.401306
0.585205 0.404135
0.585449 0.407025
0.585693 0.409976
0.585938 0.412989
0.586182 0.416064
0.586426 0.419201
0.586670 0.422401
0.586914 0.425664
0.587158 0.428990
0.587402 0.432381
0.587646 0.435835
0.587891 0.439354
0.588135 0.442937
0.588379 0.446585
0.588623 0.450299
0.588867 0.454079
0.589111 0.457924
0.589355 0.461836
0.589600 0.465814
0.589844 0.469859
0.590088 0.473971
0.590332 0.478150
0.590576 0.482397
0.590820 0.486712
0.591064 0.491095
0.591309 0.495547
0.591553 0.500066
0.591797 0.504655
0.592041 0.509313
0.592285 0.514040
0.592529 0.518837
0.592773 0.523703
0.593018 0.528639
0.593262 0.533646
0.593506 0.538722
0.593750 0.543869
0.593994 0.549087
0.594238 0.554375
0.594482 0.559735
0.594727 0.565165
0.594971 0.570667
0.595215 0.576240
0.595459 0.581885
0.595703 0.587601
0.595947 0.593390
0.596191 0.599250
0.596436 0.605182
0.596680 0.611186
0.596924 0.617263
0.597168 0.623412
0.597412 0.629633
0.597656 0.635926
0.597900 0.642293
0.598145 0.648731
0.598389 0.655243
0.598633 0.661827
0.598877 0.668484
0.599121 0.675213
0.599365 0.682015
0.599609 0.688891
0.599854 0.695839
0.600098 0.702859
0.600342 0.709953
0.600586 0.717119
0.600830 0.724358
0.601074 0.731670
0.601318 0.739055
0.601562 0.746512
0.601807 0.754042
0.602051 0.761644
0.602295 0.769319
0.602539 0.777067
0.602783 0.784887
0.603027 0.792779
0.603271 0.800743
0.603516 0.808780
0.603760 0.816888
0.604004 0.825068
0.604248 0.833321
0.604492 0.841644
0.604736 0.850039
0.604980 0.858506
0.605225 0.867044
0.605469 0.875653
0.605713 0.884333
0.605957 0.893083
0.606201 0.901904
0.606445 0.910796
0.606689 0.919757
0.606934 0.928789
0.607178 0.937890
0.607422 0.947061
0.607666 0.956301
0.607910 0.965611
0.608154 0.974989
0.608398 0.984436
0.608643 0.993951
0.608887 1.003534
0.609131 1.013185
0.609375 1.022904
0.609619 1.032690
0.609863 1.042543
0.610107 1.052463
0.610352 1.062449
0.610596 1.072502
0.610840 1.082620
0.611084 1.092803
0.611328 1.103052
0.611572 1.113366
0.611816 1.123744
0.612061 1.134186
0.612305 1.144692
0.612549 1.155261
0.612793 1.165893
0.613037 1.176589
0.613281 1.187346
0.613525 1.198165
0.613770 1.209046
0.614014 1.219987
0.614258 1.230990
0.614502 1.242052
0.614746 1.253175
0.614990 1.264357
0.615234 1.275598
0.615479 1.286897
0.615723 1.298254
0.615967 1.309669
0.616211 1.321142
0.616455 1.332670
0.616699 1.344255
0.616943 1.355896
0.617188 1.367592
0.617432 1.379343
0.617676 1.391147
0.617920 1.403006
0.618164 1.414918
0.618408 1.426882
0.618652 1.438899
0.618896 1.450967
0.619141 1.463086
0.619385 1.475256
0.619629 1.487476
0.619873 1.499745
0.620117 1.512063
0.620361 1.524429
0.620605 1.536843
0.620850 1.549304
0.621094 1.561812
0.621338 1.574366
0.621582 1.586965
0.621826 1.599609
0.622070 1.612297
0.622314 1.625028
0.622559 1.637802
0.622803 1.650619
0.623047 1.663477
0.623291 1.676377
0.623535 1.689317
0.623779 1.702296
0.624023 1.715315
0.624268 1.728372
0.624512 1.741467
0.624756 1.754599
0.625000 1.767767
0.625244 1.780971
0.625488 1.794210
0.625732 1.807484
0.625977 1.820791
0.626221 1.834132
0.626465 1.847505
0.626709 1.860909
0.626953 1.874344
0.627197 1.887810
0.627441 1.901305
0.627686 1.914829
0.627930 1.928381
0.628174 1.941960
0.628418 1.955566
0.628662 1.969197
0.628906 1.982854
0.629150 1.996536
0.629395 2.010240
0.629639 2.023968
0.629883 2.037718
0.630127 2.051489
0.630371 2.065281
0.630615 2.079093
0.630859 2.092924
0.631104 2.106773
0.631348 2.120640
0.631592 2.134524
0.631836 2.148423
0.632080 2.162338
0.632324 2.176267
0.632568 2.190210
0.632812 2.204166
0.633057 2.218134
0.633301 2.232113
0.633545 2.246103
0.633789 2.260102
0.634033 2.274110
0.634277 2.288127
0.634521 2.302150
0.634766 2.316180
0.635010 2.330216
0.635254 2.344256
0.635498 2.358301
0.635742 2.372348
0.635986 2.386398
0.636230 2.400450
0.636475 2.414503
0.636719 2.428555
0.636963 2.442606
0.637207 2.456656
0.637451 2.470703
0.637695 2.484747
0.637939 2.498787
0.638184 2.512821
0.638428 2.526850
0.638672 2.540872
0.638916 2.554886
0.639160 2.568892
0.639404 2.582889
0.639648 2.596876
0.639893 2.610852
0.640137 2.624816
0.640381 2.638768
0.640625 2.652706
0.640869 2.666630
0.641113 2.680539
0.641357 2.694433
0.641602 2.708309
0.641846 2.722168
0.642090 2.736009
0.642334 2.749830
0.642578 2.763631
0.642822 2.777411
0.643066 2.791170
0.643311 2.804906
0.643555 2.818619
0.643799 2.832307
0.644043 2.845970
0.644287 2.859608
0.644531 2.873218
0.644775 2.886801
0.645020 2.900356
0.645264 2.913882
0.645508 2.927377
0.645752 2.940842
0.645996 2.954275
0.646240 2.967675
0.646484 2.981043
0.646729 2.994376
0.646973 3.007674
0.647217 3.020936
0.647461 3.034162
0.647705 3.047350
0.647949 3.060500
0.648193 3.073612
0.648438 3.086683
0.648682 3.099714
0.648926 3.112703
0.649170 3.125650
0.649414 3.138555
0.649658 3.151415
0.649902 3.164231
0.650146 3.177002
0.650391 3.189726
0.650635 3.202404
0.650879 3.215033
0.651123 3.227615
0.651367 3.240147
0.651611 3.252629
0.651855 3.265061
0.652100 3.277441
0.652344 3.289768
0.652588 3.302043
0.652832 3.314264
0.653076 3.326430
0.653320 3.338541
0.653564 3.350597
0.653809 3.362595
0.654053 3.374536
0.654297 3.386419
0.654541 3.398243
0.654785 3.410007
0.655029 3.421711
0.655273 3.433354
0.655518 3.444935
0.655762 3.456453
0.656006 3.467909
0.656250 3.479301
0.656494 3.490628
0.656738 3.501890
0.656982 3.513086
0.657227 3.524216
0.657471 3.535278
0.657715 3.546272
0.657959 3.557198
0.658203 3.568055
0.658447 3.578842
0.658691 3.589558
0.658936 3.600204
0.659180 3.610777
0.659424 3.621278
0.659668 3.631706
0.659912 3.642061
0.660156 3.652341
0.660400 3.662547
0.660645 3.672677
0.660889 3.682731
0.661133 3.692709
0.661377 3.702609
0.661621 3.712432
0.661865 3.722176
0.662109 3.731841
0.662354 3.741427
0.662598 3.750933
0.662842 3.760359
0.663086 3.769703
0.663330 3.778966
0.663574 3.788146
0.663818 3.797244
0.664062 3.806259
0.664307 3.815190
0.664551 3.824037
0.664795 3.832800
0.665039 3.841477
0.665283 3.850068
0.665527 3.858574
0.665771 3.866993
0.666016 3.875325
0.666260 3.883569
0.666504 3.891726
0.666748 3.899794
0.666992 3.907773
0.667236 3.915663
0.667480 3.923464
0.667725 3.931174
0.667969 3.938794
0.668213 3.946324
0.668457 3.953762
0.668701 3.961108
0.668945 3.968362
0.669189 3.975524
0.669434 3.982594
0.669678 3.989570
0.669922 3.996453
0.670166 4.003242
0.670410 4.009937
0.670654 4.016537
0.670898 4.023043
0.671143 4.029454
0.671387 4.035770
0.671631 4.041989
0.671875 4.048113
0.672119 4.054141
0.672363 4.060073
0.672607 4.065907
0.672852 4.071645
0.673096 4.077286
0.673340 4.082829
0.673584 4.088274
0.673828 4.093622
0.674072 4.098871
0.674316 4.104022
0.674561 4.109075
0.674805 4.114028
0.675049 4.118883
0.675293 4.123639
0.675537 4.128296
0.675781 4.132853
0.676025 4.137311
0.676270 4.141669
0.676514 4.145927
0.676758 4.150085
0.677002 4.154143
0.677246 4.158101
0.677490 4.161959
0.677734 4.165716
0.677979 4.169373
0.678223 4.172929
0.678467 4.176384
0.678711 4.179739
0.678955 4.182993
0.679199 4.186147
0.679443 4.189199
0.679688 4.192151
0.679932 4.195002
0.680176 4.197751
0.680420 4.200400
0.680664 4.202948
0.680908 4.205396
0.681152 4.207742
0.681396 4.209987
0.681641 4.212132
0.681885 4.214176
0.682129 4.216119
0.682373 4.217961
0.682617 4.219703
0.682861 4.221344
0.683105 4.222885
0.683350 4.224325
0.683594 4.225665
0.683838 4.226905
0.684082 4.228045
0.684326 4.229085
0.684570 4.230025
0.684814 4.230865
0.685059 4.231606
0.685303 4.232248
0.685547 4.232790
0.685791 4.233233
0.686035 4.233578
0.686279 4.233823
0.686523 4.233971
0.686768 4.234019
0.687012 4.233970
0.687256 4.233823
0.687500 4.233578
0.687744 4.233236
0.687988 4.232797
0.688232 4.232260
0.688477 4.231627
0.688721 4.230898
0.688965 4.230072
0.689209 4.229151
0.689453 4.228134
0.689697 4.227021
0.689941 4.225813
0.690186 4.224511
0.690430 4.223114
0.690674 4.221624
0.690918 4.220039
0.691162 4.218361
0.691406 4.216590
0.691650 4.214726
0.691895 4.212770
0.692139 4.210721
0.692383 4.208581
0.692627 4.206350
0.692871 4.204028
0.693115 4.201615
0.693359 4.199112
0.693604 4.196519
0.693848 4.193837
0.694092 4.191066
0.694336 4.188207
0.694580 4.185260
0.694824 4.182224
0.695068 4.179102
0.695312 4.175893
0.695557 4.172598
0.695801 4.169217
0.696045 4.165750
0.696289 4.162199
0.696533 4.158563
0.696777 4.154843
0.697021 4.151040
0.697266 4.147154
0.697510 4.143185
0.697754 4.139135
0.697998 4.135003
0.698242 4.130790
0.698486 4.126497
0.698730 4.122124
0.698975 4.117672
0.699219 4.113141
0.699463 4.108531
0.699707 4.103845
0.699951 4.099081
0.700195 4.094240
0.700439 4.089324
0.700684 4.084332
0.700928 4.079265
0.701172 4.074125
0.701416 4.068910
0.701660 4.063623
0.701904 4.058263
0.702148 4.052831
0.702393 4.047329
0.702637 4.041755
0.702881 4.036112
0.703125 4.030399
0.703369 4.024617
0.703613 4.018768
0.703857 4.012851
0.704102 4.006867
0.704346 4.000817
0.704590 3.994702
0.704834 3.988521
0.705078 3.982277
0.705322 3.975969
0.705566 3.969598
0.705811 3.963165
0.706055 3.956670
0.706299 3.950115
0.706543 3.943499
0.706787 3.936824
0.707031 3.930090
0.707275 3.923298
0.707520 3.916449
0.707764 3.909543
0.708008 3.902581
0.708252 3.895564
0.708496 3.888492
0.708740 3.881366
0.708984 3.874187
0.709229 3.866956
0.709473 3.859673
0.709717 3.852339
0.709961 3.844954
0.710205 3.837520
0.710449 3.830038
0.710693 3.822507
0.710938 3.814929
0.711182 3.807304
0.711426 3.799633
0.711670 3.791917
0.711914 3.784157
0.712158 3.776354
0.712402 3.768507
0.712646 3.760618
0.712891 3.752688
0.713135 3.744717
0.713379 3.736706
0.713623 3.728656
0.713867 3.720568
0.714111 3.712442
0.714355 3.704279
0.714600 3.696080
0.714844 3.687846
0.715088 3.679577
0.715332 3.671275
0.715576 3.662939
0.715820 3.654571
0.716064 3.646172
0.716309 3.637742
0.716553 3.629282
0.716797 3.620792
0.717041 3.612274
0.717285 3.603729
0.717529 3.595156
0.717773 3.586558
0.718018 3.577934
0.718262 3.569285
0.718506 3.560613
0.718750 3.551917
0.718994 3.543200
0.719238 3.534460
0.719482 3.525700
0.719727 3.516920
0.719971 3.508121
0.720215 3.499303
0.720459 3.490468
0.720703 3.481616
0.720947 3.472747
0.721191 3.463863
0.721436 3.454965
0.721680 3.446052
0.721924 3.437127
0.722168 3.428189
0.722412 3.419239
0.722656 3.410279
0.722900 3.401308
0.723145 3.392328
0.723389 3.383340
0.723633 3.374344
0.723877 3.365340
0.724121 3.356331
0.724365 3.347316
0.724609 3.338295
0.724854 3.329271
0.725098 3.320244
0.725342 3.311213
0.725586 3.302181
0.725830 3.293148
0.726074 3.284114
0.726318 3.275081
0.726562 3.266048
0.726807 3.257018
0.727051 3.247989
0.727295 3.238964
0.727539 3.229943
0.727783 3.220927
0.728027 3.211915
0.728271 3.202910
0.728516 3.193912
0.728760 3.184921
0.729004 3.175938
0.729248 3.166964
0.729492 3.157999
0.729736 3.149044
0.729980 3.140101
0.730225 3.131169
0.730469 3.122249
0.730713 3.113342
0.730957 3.104449
0.731201 3.095570
0.731445 3.086705
0.731689 3.077857
0.731934 3.069024
0.732178 3.060209
0.732422 3.051411
0.732666 3.042631
0.732910 3.033870
0.733154 3.025128
0.733398 3.016406
0.733643 3.007705
0.733887 2.999025
0.734131 2.990368
0.734375 2.981732
0.734619 2.973120
0.734863 2.964532
0.735107 2.955968
0.735352 2.947429
0.735596 2.938915
0.735840 2.930427
0.736084 2.921967
0.736328 2.913533
0.736572 2.905127
0.736816 2.896750
0.737061 2.888401
0.737305 2.880082
0.737549 2.871794
0.737793 2.863535
0.738037 2.855308
0.738281 2.847113
0.738525 2.838949
0.738770 2.830819
0.739014 2.822721
0.739258 2.814658
0.739502 2.806628
0.739746 2.798634
0.739990 2.790674
0.740234 2.782751
0.740479 2.774863
0.740723 2.767012
0.740967 2.759199
0.741211 2.751423
0.741455 2.743685
0.741699 2.735986
0.741943 2.728325
0.742188 2.720705
0.742432 2.713124
0.742676 2.705583
0.742920 2.698083
0.743164 2.690624
0.743408 2.683207
0.743652 2.675832
0.743896 2.668499
0.744141 2.661209
0.744385 2.653963
0.744629 2.646759
0.744873 2.639600
0.745117 2.632485
0.745361 2.625414
0.745605 2.618389
0.745850 2.611409
0.746094 2.604475
0.746338 2.597587
0.746582 2.590745
0.746826 2.583950
0.747070 2.577201
0.747314 2.570501
0.747559 2.563848
0.747803 2.557242
0.748047 2.550685
0.748291 2.544177
0.748535 2.537718
0.748779 2.531307
0.749023 2.524946
0.749268 2.518634
0.749512 2.512373
0.749756 2.506161
0.750000 2.500000
0.750244 2.493889
0.750488 2.487830
0.750732 2.481821
0.750977 2.475863
0.751221 2.469957
0.751465 2.464103
0.751709 2.458301
0.751953 2.452550
0.752197 2.446852
0.752441 2.441206
0.752686 2.435613
0.752930 2.430072
0.753174 2.424585
0.753418 2.419150
0.753662 2.413769
0.753906 2.408440
0.754150 2.403166
0.754395 2.397945
0.754639 2.392777
0.754883 2.387664
0.755127 2.382604
0.755371 2.377598
0.755615 2.372646
0.755859 2.367748
0.756104 2.362905
0.756348 2.358116
0.756592 2.353381
0.756836 2.348701
0.757080 2.344075
0.757324 2.339503
0.757568 2.334986
0.757812 2.330524
0.758057 2.326116
0.758301 2.321763
0.758545 2.317464
0.758789 2.313220
0.759033 2.309031
0.759277 2.304896
0.759521 2.300816
0.759766 2.296790
0.760010 2.292819
0.760254 2.288902
0.760498 2.285040
0.760742 2.281232
0.760986 2.277479
0.761230 2.273779
0.761475 2.270134
0.761719 2.266543
0.761963 2.263006
0.762207 2.259523
0.762451 2.256094
0.762695 2.252719
0.762939 2.249397
0.763184 2.246129
0.763428 2.242915
0.763672 2.239753
0.763916 2.236645
0.764160 2.233590
0.764404 2.230588
0.764648 2.227639
0.764893 2.224742
0.765137 2.221897
0.765381 2.219105
0.765625 2.216366
0.765869 2.213678
0.766113 2.211041
0.766357 2.208457
0.766602 2.205924
0.766846 2.203441
0.767090 2.201010
0.767334 2.198630
0.767578 2.196300
0.767822 2.194021
0.768066 2.191792
0.768311 2.189612
0.768555 2.187483
0.768799 2.185402
0.769043 2.183371
0.769287 2.181389
0.769531 2.179455
0.769775 2.177570
0.770020 2.175733
0.770264 2.173944
0.770508 2.172202
0.770752 2.170508
0.770996 2.168861
0.771240 2.167260
0.771484 2.165706
0.771729 2.164198
0.771973 2.162736
0.772217 2.161319
0.772461 2.159948
0.772705 2.158621
0.772949 2.157340
0.773193 2.156102
0.773438 2.154908
0.773682 2.153758
0.773926 2.152651
0.774170 2.151586
0.774414 2.150565
0.774658 2.149585
0.774902 2.148648
0.775146 2.147752
0.775391 2.146897
0.775635 2.146083
0.775879 2.145309
0.776123 2.144575
0.776367 2.143881
0.776611 2.143226
0.776855 2.142609
0.777100 2.142032
0.777344 2.141492
0.777588 2.140990
0.777832 2.140526
0.778076 2.140098
0.778320 2.139706
0.778564 2.139351
0.778809 2.139032
0.779053 2.138747
0.779297 2.138498
0.779541 2.138283
0.779785 2.138101
0.780029 2.137954
0.780273 2.137839
0.780518 2.137757
0.780762 2.137708
0.781006 2.137690
0.781250 2.137704
0.781494 2.137749
0.781738 2.137824
0.781982 2.137929
0.782227 2.138064
0.782471 2.138228
0.782715 2.138420
0.782959 2.138641
0.783203 2.138890
0.783447 2.139166
0.783691 2.139469
0.783936 2.139798
0.784180 2.140154
0.784424 2.140534
0.784668 2.140940
0.784912 2.141371
0.785156 2.141825
0.785400 2.142303
0.785645 2.142805
0.785889 2.143329
0.786133 2.143875
0.786377 2.144443
0.786621 2.145032
0.786865 2.145642
0.787109 2.146273
0.787354 2.146923
0.787598 2.147592
0.787842 2.148281
0.788086 2.148988
0.788330 2.149712
0.788574 2.150455
0.788818 2.151214
0.789062 2.151989
0.789307 2.152781
0.789551 2.153588
0.789795 2.154410
0.790039 2.155247
0.790283 2.156098
0.790527 2.156962
0.790771 2.157840
0.791016 2.158730
0.791260 2.159632
0.791504 2.160546
0.791748 2.161471
0.791992 2.162407
0.792236 2.163353
0.792480 2.164309
0.792725 2.165274
0.792969 2.166248
0.793213 2.167230
0.793457 2.168220
0.793701 2.169217
0.793945 2.170222
0.794189 2.171232
0.794434 2.172249
0.794678 2.173271
0.794922 2.174298
0.795166 2.175330
0.795410 2.176366
0.795654 2.177405
0.795898 2.178448
0.796143 2.179493
0.796387 2.180540
0.796631 2.181589
0.796875 2.182640
0.797119 2.183691
0.797363 2.184743
0.797607 2.185795
0.797852 2.186846
0.798096 2.187896
0.798340 2.188945
0.798584 2.189992
0.798828 2.191037
0.799072 2.192079
0.799316 2.193117
0.799561 2.194153
0.799805 2.195184
0.800049 2.196211
0.800293 2.197233
0.800537 2.198249
0.800781 2.199260
0.801025 2.200265
0.801270 2.201263
0.801514 2.202254
0.801758 2.203238
0.802002 2.204214
0.802246 2.205182
0.802490 2.206141
0.802734 2.207091
0.802979 2.208032
0.803223 2.208963
0.803467 2.209884
0.803711 2.210794
0.803955 2.211694
0.804199 2.212582
0.804443 2.213458
0.804688 2.214322
0.804932 2.215174
0.805176 2.216013
0.805420 2.216839
0.805664 2.217652
0.805908 2.218450
0.806152 2.219234
0.806396 2.220004
0.806641 2.220759
0.806885 2.221499
0.807129 2.222222
0.807373 2.222930
0.807617 2.223622
0.807861 2.224297
0.808105 2.224956
0.808350 2.225597
0.808594 2.226220
0.808838 2.226826
0.809082 2.227414
0.809326 2.227983
0.809570 2.228534
0.809814 2.229065
0.810059 2.229577
0.810303 2.230070
0.810547 2.230543
0.810791 2.230995
0.811035 2.231427
0.811279 2.231839
0.811523 2.232230
0.811768 2.232599
0.812012 2.232947
0.812256 2.233274
0.812500 2.233578
0.812744 2.233861
0.812988 2.234121
0.813232 2.234358
0.813477 2.234573
0.813721 2.234765
0.813965 2.234933
0.814209 2.235078
0.814453 2.235199
0.814697 2.235297
0.814941 2.235370
0.815186 2.235419
0.815430 2.235444
0.815674 2.235444
0.815918 2.235420
0.816162 2.235370
0.816406 2.235296
0.816650 2.235196
0.816895 2.235071
0.817139 2.234920
0.817383 2.234744
0.817627 2.234541
0.817871 2.234313
0.818115 2.234059
0.818359 2.233779
0.818604 2.233472
0.818848 2.233139
0.819092 2.232779
0.819336 2.232393
0.819580 2.231980
0.819824 2.231541
0.820068 2.231074
0.820312 2.230580
0.820557 2.230060
0.820801 2.229512
0.821045 2.228937
0.821289 2.228335
0.821533 2.227706
0.821777 2.227049
0.822021 2.226365
0.822266 2.225653
0.822510 2.224914
0.822754 2.224148
0.822998 2.223354
0.823242 2.222533
0.823486 2.221684
0.823730 2.220808
0.823975 2.219904
0.824219 2.218972
0.824463 2.218013
0.824707 2.217027
0.824951 2.216013
0.825195 2.214972
0.825439 2.213903
0.825684 2.212807
0.825928 2.211684
0.826172 2.210533
0.826416 2.209356
0.826660 2.208151
0.826904 2.206919
0.827148 2.205660
0.827393 2.204373
0.827637 2.203061
0.827881 2.201721
0.828125 2.200354
0.828369 2.198961
0.828613 2.197542
0.828857 2.196096
0.829102 2.194624
0.829346 2.193125
0.829590 2.191601
0.829834 2.190050
0.830078 2.188474
0.830322 2.186872
0.830566 2.185245
0.830811 2.183592
0.831055 2.181914
0.831299 2.180210
0.831543 2.178482
0.831787 2.176729
0.832031 2.174952
0.832275 2.173150
0.832520 2.171324
0.832764 2.169473
0.833008 2.167599
0.833252 2.165701
0.833496 2.163780
0.833740 2.161835
0.833984 2.159868
0.834229 2.157877
0.834473 2.155864
0.834717 2.153828
0.834961 2.151770
0.835205 2.149690
0.835449 2.147588
0.835693 2.145465
0.835938 2.143320
0.836182 2.141154
0.836426 2.138968
0.836670 2.136761
0.836914 2.134533
0.837158 2.132286
0.837402 2.130019
0.837646 2.127732
0.837891 2.125426
0.838135 2.123101
0.838379 2.120758
0.838623 2.118396
0.838867 2.116016
0.839111 2.113618
0.839355 2.111203
0.839600 2.108770
0.839844 2.106321
0.840088 2.103854
0.840332 2.101372
0.840576 2.098874
0.840820 2.096359
0.841064 2.093830
0.841309 2.091285
0.841553 2.088726
0.841797 2.086153
0.842041 2.083565
0.842285 2.080964
0.842529 2.078349
0.842773 2.075721
0.843018 2.073081
0.843262 2.070428
0.843506 2.067764
0.843750 2.065087
0.843994 2.062400
0.844238 2.059701
0.844482 2.056992
0.844727 2.054273
0.844971 2.051543
0.845215 2.048805
0.845459 2.046057
0.845703 2.043301
0.845947 2.040536
0.846191 2.037763
0.846436 2.034983
0.846680 2.032196
0.846924 2.029402
0.847168 2.026601
0.847412 2.023794
0.847656 2.020982
0.847900 2.018164
0.848145 2.015342
0.848389 2.012515
0.848633 2.009684
0.848877 2.006849
0.849121 2.004011
0.849365 2.001171
0.849609 1.998327
0.849854 1.995482
0.850098 1.992635
0.850342 1.989787
0.850586 1.986938
0.850830 1.984089
0.851074 1.981240
0.851318 1.978391
0.851562 1.975542
0.851807 1.972696
0.852051 1.969850
0.852295 1.967007
0.852539 1.964167
0.852783 1.961329
0.853027 1.958494
0.853271 1.955664
0.853516 1.952837
0.853760 1.950015
0.854004 1.947198
0.854248 1.944387
0.854492 1.941581
0.854736 1.938781
0.854980 1.935989
0.855225 1.933203
0.855469 1.930425
0.855713 1.927655
0.855957 1.924893
0.856201 1.922140
0.856445 1.919396
0.856689 1.916662
0.856934 1.913937
0.857178 1.911224
0.857422 1.908521
0.857666 1.905829
0.857910 1.903149
0.858154 1.900482
0.858398 1.897826
0.858643 1.895184
0.858887 1.892555
0.859131 1.889940
0.859375 1.887339
0.859619 1.884753
0.859863 1.882182
0.860107 1.879626
0.860352 1.877086
0.860596 1.874562
0.860840 1.872055
0.861084 1.869565
0.861328 1.867092
0.861572 1.864637
0.861816 1.862200
0.862061 1.859782
0.862305 1.857383
0.862549 1.855004
0.862793 1.852644
0.863037 1.850304
0.863281 1.847985
0.863525 1.845687
0.863770 1.843411
0.864014 1.841156
0.864258 1.838923
0.864502 1.836712
0.864746 1.834525
0.864990 1.832360
0.865234 1.830220
0.865479 1.828103
0.865723 1.826010
0.865967 1.823942
0.866211 1.821900
0.866455 1.819882
0.866699 1.817890
0.866943 1.815925
0.867188 1.813986
0.867432 1.812073
0.867676 1.810188
0.867920 1.808330
0.868164 1.806500
0.868408 1.804698
0.868652 1.802924
0.868896 1.801179
0.869141 1.799463
0.869385 1.797777
0.869629 1.796120
0.869873 1.794493
0.870117 1.792897
0.870361 1.791331
0.870605 1.789796
0.870850 1.788292
0.871094 1.786820
0.871338 1.785380
0.871582 1.783971
0.871826 1.782595
0.872070 1.781252
0.872314 1.779941
0.872559 1.778663
0.872803 1.777419
0.873047 1.776209
0.873291 1.775033
0.873535 1.773890
0.873779 1.772782
0.874023 1.771709
0.874268 1.770671
0.874512 1.769667
0.874756 1.768699
0.875000 1.767767
0.875244 1.766870
0.875488 1.766010
0.875732 1.765185
0.875977 1.764397
0.876221 1.763646
0.876465 1.762931
0.876709 1.762253
0.876953 1.761613
0.877197 1.761010
0.877441 1.760444
0.877686 1.759916
0.877930 1.759426
0.878174 1.758973
0.878418 1.758559
0.878662 1.758184
0.878906 1.757846
0.879150 1.757548
0.879395 1.757288
0.879639 1.757066
0.879883 1.756884
0.880127 1.756741
0.880371 1.756637
0.880615 1.756572
0.880859 1.756547
0.881104 1.756561
0.881348 1.756615
0.881592 1.756708
0.881836 1.756841
0.882080 1.757014
0.882324 1.757227
0.882568 1.757480
0.882812 1.757773
0.883057 1.758105
0.883301 1.758478
0.883545 1.758891
0.883789 1.759344
0.884033 1.759837
0.884277 1.760371
0.884521 1.760944
0.884766 1.761558
0.885010 1.762212
0.885254 1.762906
0.885498 1.763641
0.885742 1.764415
0.885986 1.765230
0.886230 1.766085
0.886475 1.766980
0.886719 1.767915
0.886963 1.768890
0.887207 1.769905
0.887451 1.770960
0.887695 1.772055
0.887939 1.773190
0.888184 1.774364
0.888428 1.775578
0.888672 1.776832
0.888916 1.778125
0.889160 1.779457
0.889404 1.780829
0.889648 1.782239
0.889893 1.783689
0.890137 1.785178
0.890381 1.786705
0.890625 1.788271
0.890869 1.789875
0.891113 1.791518
0.891357 1.793199
0.891602 1.794918
0.891846 1.796675
0.892090 1.798470
0.892334 1.800302
0.892578 1.802171
0.892822 1.804078
0.893066 1.806021
0.893311 1.808001
0.893555 1.810018
0.893799 1.812071
0.894043 1.814161
0.894287 1.816286
0.894531 1.818446
0.894775 1.820642
0.895020 1.822874
0.895264 1.825140
0.895508 1.827441
0.895752 1.829776
0.895996 1.832145
0.896240 1.834548
0.896484 1.836985
0.896729 1.839455
0.896973 1.841958
0.897217 1.844494
0.897461 1.847062
0.897705 1.849662
0.897949 1.852294
0.898193 1.854958
0.898438 1.857653
0.898682 1.860378
0.898926 1.863134
0.899170 1.865920
0.899414 1.868736
0.899658 1.871581
0.899902 1.874455
0.900146 1.877358
0.900391 1.880289
0.900635 1.883248
0.900879 1.886235
0.901123 1.889249
0.901367 1.892290
0.901611 1.895357
0.901855 1.898450
0.902100 1.901569
0.902344 1.904713
0.902588 1.907882
0.902832 1.911075
0.903076 1.914292
0.903320 1.917532
0.903564 1.920795
0.903809 1.924081
0.904053 1.927390
0.904297 1.930719
0.904541 1.934070
0.904785 1.937442
0.905029 1.940834
0.905273 1.944246
0.905518 1.947678
0.905762 1.951128
0.906006 1.954596
0.906250 1.958083
0.906494 1.961586
0.906738 1.965107
0.906982 1.968644
0.907227 1.972197
0.907471 1.975766
0.907715 1.979349
0.907959 1.982946
0.908203 1.986557
0.908447 1.990182
0.908691 1.993819
0.908936 1.997469
0.909180 2.001130
0.909424 2.004802
0.909668 2.008485
0.909912 2.012178
0.910156 2.015880
0.910400 2.019591
0.910645 2.023310
0.910889 2.027037
0.911133 2.030772
0.911377 2.034512
0.911621 2.038259
0.911865 2.042012
0.912109 2.045769
0.912354 2.049530
0.912598 2.053295
0.912842 2.057063
0.913086 2.060834
0.913330 2.064606
0.913574 2.068380
0.913818 2.072154
0.914062 2.075928
0.914307 2.079702
0.914551 2.083474
0.914795 2.087245
0.915039 2.091013
0.915283 2.094778
0.915527 2.098540
0.915771 2.102297
0.916016 2.106049
0.916260 2.109795
0.916504 2.113536
0.916748 2.117269
0.916992 2.120995
0.917236 2.124713
0.917480 2.128421
0.917725 2.132121
0.917969 2.135810
0.918213 2.139489
0.918457 2.143156
0.918701 2.146811
0.918945 2.150453
0.919189 2.154082
0.919434 2.157697
0.919678 2.161297
0.919922 2.164882
0.920166 2.168451
0.920410 2.172003
0.920654 2.175538
0.920898 2.179054
0.921143 2.182552
0.921387 2.186031
0.921631 2.189490
0.921875 2.192927
0.922119 2.196344
0.922363 2.199738
0.922607 2.203110
0.922852 2.206458
0.923096 2.209783
0.923340 2.213082
0.923584 2.216356
0.923828 2.219605
0.924072 2.222826
0.924316 2.226020
0.924561 2.229185
0.924805 2.232322
0.925049 2.235430
0.925293 2.238507
0.925537 2.241554
0.925781 2.244569
0.926025 2.247552
0.926270 2.250502
0.926514 2.253419
0.926758 2.256301
0.927002 2.259149
0.927246 2.261961
0.927490 2.264737
0.927734 2.267476
0.927979 2.270178
0.928223 2.272842
0.928467 2.275466
0.928711 2.278052
0.928955 2.280597
0.929199 2.283101
0.929443 2.285564
0.929688 2.287984
0.929932 2.290362
0.930176 2.292697
0.930420 2.294987
0.930664 2.297233
0.930908 2.299433
0.931152 2.301588
0.931396 2.303695
0.931641 2.305756
0.931885 2.307768
0.932129 2.309732
0.932373 2.311646
0.932617 2.313511
0.932861 2.315325
0.933105 2.317089
0.933350 2.318800
0.933594 2.320459
0.933838 2.322065
0.934082 2.323618
0.934326 2.325116
0.934570 2.326560
0.934814 2.327948
0.935059 2.329281
0.935303 2.330556
0.935547 2.331775
0.935791 2.332935
0.936035 2.334037
0.936279 2.335081
0.936523 2.336064
0.936768 2.336988
0.937012 2.337851
0.937256 2.338652
0.937500 2.339392
0.937744 2.340069
0.937988 2.340684
0.938232 2.341234
0.938477 2.341721
0.938721 2.342143
0.938965 2.342500
0.939209 2.342791
0.939453 2.343016
0.939697 2.343175
0.939941 2.343265
0.940186 2.343289
0.940430 2.343243
0.940674 2.343129
0.940918 2.342946
0.941162 2.342692
0.941406 2.342369
0.941650 2.341974
0.941895 2.341508
0.942139 2.340970
0.942383 2.340360
0.942627 2.339678
0.942871 2.338922
0.943115 2.338092
0.943359 2.337188
0.943604 2.336210
0.943848 2.335156
0.944092 2.334027
0.944336 2.332822
0.944580 2.331541
0.944824 2.330183
0.945068 2.328747
0.945312 2.327234
0.945557 2.325643
0.945801 2.323974
0.946045 2.322226
0.946289 2.320398
0.946533 2.318491
0.946777 2.316505
0.947021 2.314437
0.947266 2.312289
0.947510 2.310060
0.947754 2.307750
0.947998 2.305358
0.948242 2.302883
0.948486 2.300327
0.948730 2.297687
0.948975 2.294965
0.949219 2.292159
0.949463 2.289269
0.949707 2.286296
0.949951 2.283238
0.950195 2.280095
0.950439 2.276868
0.950684 2.273556
0.950928 2.270158
0.951172 2.266674
0.951416 2.263105
0.951660 2.259449
0.951904 2.255707
0.952148 2.251879
0.952393 2.247964
0.952637 2.243961
0.952881 2.239871
0.953125 2.235694
0.953369 2.231429
0.953613 2.227077
0.953857 2.222636
0.954102 2.218107
0.954346 2.213489
0.954590 2.208783
0.954834 2.203989
0.955078 2.199105
0.955322 2.194133
0.955566 2.189071
0.955811 2.183920
0.956055 2.178680
0.956299 2.173350
0.956543 2.167931
0.956787 2.162422
0.957031 2.156824
0.957275 2.151135
0.957520 2.145357
0.957764 2.139488
0.958008 2.133530
0.958252 2.127482
0.958496 2.121343
0.958740 2.115114
0.958984 2.108796
0.959229 2.102387
0.959473 2.095887
0.959717 2.089298
0.959961 2.082618
0.960205 2.075849
0.960449 2.068989
0.960693 2.062039
0.960938 2.054998
0.961182 2.047868
0.961426 2.040648
0.961670 2.033338
0.961914 2.025938
0.962158 2.018448
0.962402 2.010869
0.962646 2.003200
0.962891 1.995441
0.963135 1.987593
0.963379 1.979656
0.963623 1.971629
0.963867 1.963513
0.964111 1.955309
0.964355 1.947016
0.964600 1.938634
0.964844 1.930164
0.965088 1.921605
0.965332 1.912958
0.965576 1.904224
0.965820 1.895401
0.966064 1.886491
0.966309 1.877494
0.966553 1.868410
0.966797 1.859239
0.967041 1.849981
0.967285 1.840637
0.967529 1.831206
0.967773 1.821690
0.968018 1.812088
0.968262 1.802400
0.968506 1.792628
0.968750 1.782770
0.968994 1.772828
0.969238 1.762802
0.969482 1.752692
0.969727 1.742498
0.969971 1.732221
0.970215 1.721861
0.970459 1.711419
0.970703 1.700894
0.970947 1.690287
0.971191 1.679599
0.971436 1.668829
0.971680 1.657978
0.971924 1.647047
0.972168 1.636036
0.972412 1.624945
0.972656 1.613775
0.972900 1.602526
0.973145 1.591199
0.973389 1.579794
0.973633 1.568310
0.973877 1.556750
0.974121 1.545113
0.974365 1.533400
0.974609 1.521611
0.974854 1.509747
0.975098 1.497807
0.975342 1.485794
0.975586 1.473706
0.975830 1.461545
0.976074 1.449311
0.976318 1.437004
0.976562 1.424626
0.976807 1.412176
0.977051 1.399656
0.977295 1.387065
0.977539 1.374404
0.977783 1.361674
0.978027 1.348875
0.978271 1.336008
0.978516 1.323073
0.978760 1.310072
0.979004 1.297004
0.979248 1.283870
0.979492 1.270671
0.979736 1.257407
0.979980 1.244079
0.980225 1.230688
0.980469 1.217233
0.980713 1.203717
0.980957 1.190138
0.981201 1.176499
0.981445 1.162799
0.981689 1.149040
0.981934 1.135222
0.982178 1.121345
0.982422 1.107410
0.982666 1.093418
0.982910 1.079370
0.983154 1.065265
0.983398 1.051106
0.983643 1.036892
0.983887 1.022625
0.984131 1.008304
0.984375 0.993931
0.984619 0.979507
0.984863 0.965031
0.985107 0.950506
0.985352 0.935930
0.985596 0.921306
0.985840 0.906634
0.986084 0.891914
0.986328 0.877148
0.986572 0.862335
0.986816 0.847478
0.987061 0.832576
0.987305 0.817631
0.987549 0.802642
0.987793 0.787612
0.988037 0.772540
0.988281 0.757427
0.988525 0.742275
0.988770 0.727084
0.989014 0.711854
0.989258 0.696586
0.989502 0.681282
0.989746 0.665942
0.989990 0.650567
0.990234 0.635157
0.990479 0.619714
0.990723 0.604238
0.990967 0.588730
0.991211 0.573191
0.991455 0.557621
0.991699 0.542022
0.991943 0.526394
0.992188 0.510738
0.992432 0.495055
0.992676 0.479346
0.992920 0.463611
0.993164 0.447852
0.993408 0.432069
0.993652 0.416263
0.993896 0.400435
0.994141 0.384585
0.994385 0.368715
0.994629 0.352825
0.994873 0.336917
0.995117 0.320990
0.995361 0.305047
0.995605 0.289087
0.995850 0.273112
0.996094 0.257122
0.996338 0.241118
0.996582 0.225102
0.996826 0.209073
0.997070 0.193034
0.997314 0.176984
0.997559 0.160925
0.997803 0.144857
0.998047 0.128781
0.998291 0.112698
0.998535 0.096610
0.998779 0.080516
0.999023 0.064418
0.999268 0.048317
0.999512 0.032212
0.999756 0.016107
