0.000000 0.000000
0.000977 0.064418
0.001953 0.128781
0.002930 0.193034
0.003906 0.257122
0.004883 0.320990
0.005859 0.384585
0.006836 0.447852
0.007812 0.510738
0.008789 0.573191
0.009766 0.635157
0.010742 0.696586
0.011719 0.757427
0.012695 0.817631
0.013672 0.877148
0.014648 0.935930
0.015625 0.993931
0.016602 1.051106
0.017578 1.107410
0.018555 1.162799
0.019531 1.217233
0.020508 1.270671
0.021484 1.323073
0.022461 1.374404
0.023438 1.424626
0.024414 1.473706
0.025391 1.521611
0.026367 1.568310
0.027344 1.613775
0.028320 1.657978
0.029297 1.700894
0.030273 1.742498
0.031250 1.782770
0.032227 1.821690
0.033203 1.859239
0.034180 1.895401
0.035156 1.930164
0.036133 1.963513
0.037109 1.995441
0.038086 2.025938
0.039062 2.054998
0.040039 2.082618
0.041016 2.108796
0.041992 2.133530
0.042969 2.156824
0.043945 2.178680
0.044922 2.199105
0.045898 2.218107
0.046875 2.235694
0.047852 2.251879
0.048828 2.266674
0.049805 2.280095
0.050781 2.292159
0.051758 2.302883
0.052734 2.312289
0.053711 2.320398
0.054688 2.327234
0.055664 2.332822
0.056641 2.337188
0.057617 2.340360
0.058594 2.342369
0.059570 2.343243
0.060547 2.343016
0.061523 2.341721
0.062500 2.339392
0.063477 2.336064
0.064453 2.331775
0.065430 2.326560
0.066406 2.320459
0.067383 2.313511
0.068359 2.305756
0.069336 2.297233
0.070312 2.287984
0.071289 2.278052
0.072266 2.267476
0.073242 2.256301
0.074219 2.244569
0.075195 2.232322
0.076172 2.219605
0.077148 2.206458
0.078125 2.192927
0.079102 2.179054
0.080078 2.164882
0.081055 2.150453
0.082031 2.135810
0.083008 2.120995
0.083984 2.106049
0.084961 2.091013
0.085938 2.075928
0.086914 2.060834
0.087891 2.045769
0.088867 2.030772
0.089844 2.015880
0.090820 2.001130
0.091797 1.986557
0.092773 1.972197
0.093750 1.958083
0.094727 1.944246
0.095703 1.930719
0.096680 1.917532
0.097656 1.904713
0.098633 1.892290
0.099609 1.880289
0.100586 1.868736
0.101562 1.857653
0.102539 1.847062
0.103516 1.836985
0.104492 1.827441
0.105469 1.818446
0.106445 1.810018
0.107422 1.802171
0.108398 1.794918
0.109375 1.788271
0.110352 1.782239
0.111328 1.776832
0.112305 1.772055
0.113281 1.767915
0.114258 1.764415
0.115234 1.761558
0.116211 1.759344
0.117188 1.757773
0.118164 1.756841
0.119141 1.756547
0.120117 1.756884
0.121094 1.757846
0.122070 1.759426
0.123047 1.761613
0.124023 1.764397
0.125000 1.767767
0.125977 1.771709
0.126953 1.776209
0.127930 1.781252
0.128906 1.786820
0.129883 1.792897
0.130859 1.799463
0.131836 1.806500
0.132812 1.813986
0.133789 1.821900
0.134766 1.830220
0.135742 1.838923
0.136719 1.847985
0.137695 1.857383
0.138672 1.867092
0.139648 1.877086
0.140625 1.887339
0.141602 1.897826
0.142578 1.908521
0.143555 1.919396
0.144531 1.930425
0.145508 1.941581
0.146484 1.952837
0.147461 1.964167
0.148438 1.975542
0.149414 1.986938
0.150391 1.998327
0.151367 2.009684
0.152344 2.020982
0.153320 2.032196
0.154297 2.043301
0.155273 2.054273
0.156250 2.065087
0.157227 2.075721
0.158203 2.086153
0.159180 2.096359
0.160156 2.106321
0.161133 2.116016
0.162109 2.125426
0.163086 2.134533
0.164062 2.143320
0.165039 2.151770
0.166016 2.159868
0.166992 2.167599
0.167969 2.174952
0.168945 2.181914
0.169922 2.188474
0.170898 2.194624
0.171875 2.200354
0.172852 2.205660
0.173828 2.210533
0.174805 2.214972
0.175781 2.218972
0.176758 2.222533
0.177734 2.225653
0.178711 2.228335
0.179688 2.230580
0.180664 2.232393
0.181641 2.233779
0.182617 2.234744
0.183594 2.235296
0.184570 2.235444
0.185547 2.235199
0.186523 2.234573
0.187500 2.233578
0.188477 2.232230
0.189453 2.230543
0.190430 2.228534
0.191406 2.226220
0.192383 2.223622
0.193359 2.220759
0.194336 2.217652
0.195312 2.214322
0.196289 2.210794
0.197266 2.207091
0.198242 2.203238
0.199219 2.199260
0.200195 2.195184
0.201172 2.191037
0.202148 2.186846
0.203125 2.182640
0.204102 2.178448
0.205078 2.174298
0.206055 2.170222
0.207031 2.166248
0.208008 2.162407
0.208984 2.158730
0.209961 2.155247
0.210938 2.151989
0.211914 2.148988
0.212891 2.146273
0.213867 2.143875
0.214844 2.141825
0.215820 2.140154
0.216797 2.138890
0.217773 2.138064
0.218750 2.137704
0.219727 2.137839
0.220703 2.138498
0.221680 2.139706
0.222656 2.141492
0.223633 2.143881
0.224609 2.146897
0.225586 2.150565
0.226562 2.154908
0.227539 2.159948
0.228516 2.165706
0.229492 2.172202
0.230469 2.179455
0.231445 2.187483
0.232422 2.196300
0.233398 2.205924
0.234375 2.216366
0.235352 2.227639
0.236328 2.239753
0.237305 2.252719
0.238281 2.266543
0.239258 2.281232
0.240234 2.296790
0.241211 2.313220
0.242188 2.330524
0.243164 2.348701
0.244141 2.367748
0.245117 2.387664
0.246094 2.408440
0.247070 2.430072
0.248047 2.452550
0.249023 2.475863
0.250000 2.500000
0.250977 2.524946
0.251953 2.550685
0.252930 2.577201
0.253906 2.604475
0.254883 2.632485
0.255859 2.661209
0.256836 2.690624
0.257812 2.720705
0.258789 2.751423
0.259766 2.782751
0.260742 2.814658
0.261719 2.847113
0.262695 2.880082
0.263672 2.913533
0.264648 2.947429
0.265625 2.981732
0.266602 3.016406
0.267578 3.051411
0.268555 3.086705
0.269531 3.122249
0.270508 3.157999
0.271484 3.193912
0.272461 3.229943
0.273438 3.266048
0.274414 3.302181
0.275391 3.338295
0.276367 3.374344
0.277344 3.410279
0.278320 3.446052
0.279297 3.481616
0.280273 3.516920
0.281250 3.551917
0.282227 3.586558
0.283203 3.620792
0.284180 3.654571
0.285156 3.687846
0.286133 3.720568
0.287109 3.752688
0.288086 3.784157
0.289062 3.814929
0.290039 3.844954
0.291016 3.874187
0.291992 3.902581
0.292969 3.930090
0.293945 3.956670
0.294922 3.982277
0.295898 4.006867
0.296875 4.030399
0.297852 4.052831
0.298828 4.074125
0.299805 4.094240
0.300781 4.113141
0.301758 4.130790
0.302734 4.147154
0.303711 4.162199
0.304688 4.175893
0.305664 4.188207
0.306641 4.199112
0.307617 4.208581
0.308594 4.216590
0.309570 4.223114
0.310547 4.228134
0.311523 4.231627
0.312500 4.233578
0.313477 4.233971
0.314453 4.232790
0.315430 4.230025
0.316406 4.225665
0.317383 4.219703
0.318359 4.212132
0.319336 4.202948
0.320312 4.192151
0.321289 4.179739
0.322266 4.165716
0.323242 4.150085
0.324219 4.132853
0.325195 4.114028
0.326172 4.093622
0.327148 4.071645
0.328125 4.048113
0.329102 4.023043
0.330078 3.996453
0.331055 3.968362
0.332031 3.938794
0.333008 3.907773
0.333984 3.875325
0.334961 3.841477
0.335938 3.806259
0.336914 3.769703
0.337891 3.731841
0.338867 3.692709
0.339844 3.652341
0.340820 3.610777
0.341797 3.568055
0.342773 3.524216
0.343750 3.479301
0.344727 3.433354
0.345703 3.386419
0.346680 3.338541
0.347656 3.289768
0.348633 3.240147
0.349609 3.189726
0.350586 3.138555
0.351562 3.086683
0.352539 3.034162
0.353516 2.981043
0.354492 2.927377
0.355469 2.873218
0.356445 2.818619
0.357422 2.763631
0.358398 2.708309
0.359375 2.652706
0.360352 2.596876
0.361328 2.540872
0.362305 2.484747
0.363281 2.428555
0.364258 2.372348
0.365234 2.316180
0.366211 2.260102
0.367188 2.204166
0.368164 2.148423
0.369141 2.092924
0.370117 2.037718
0.371094 1.982854
0.372070 1.928381
0.373047 1.874344
0.374023 1.820791
0.375000 1.767767
0.375977 1.715315
0.376953 1.663477
0.377930 1.612297
0.378906 1.561812
0.379883 1.512063
0.380859 1.463086
0.381836 1.414918
0.382812 1.367592
0.383789 1.321142
0.384766 1.275598
0.385742 1.230990
0.386719 1.187346
0.387695 1.144692
0.388672 1.103052
0.389648 1.062449
0.390625 1.022904
0.391602 0.984436
0.392578 0.947061
0.393555 0.910796
0.394531 0.875653
0.395508 0.841644
0.396484 0.808780
0.397461 0.777067
0.398438 0.746512
0.399414 0.717119
0.400391 0.688891
0.401367 0.661827
0.402344 0.635926
0.403320 0.611186
0.404297 0.587601
0.405273 0.565165
0.406250 0.543869
0.407227 0.523703
0.408203 0.504655
0.409180 0.486712
0.410156 0.469859
0.411133 0.454079
0.412109 0.439354
0.413086 0.425664
0.414062 0.412989
0.415039 0.401306
0.416016 0.390592
0.416992 0.380821
0.417969 0.371968
0.418945 0.364005
0.419922 0.356903
0.420898 0.350635
0.421875 0.345168
0.422852 0.340473
0.423828 0.336516
0.424805 0.333266
0.425781 0.330688
0.426758 0.328749
0.427734 0.327414
0.428711 0.326647
0.429688 0.326414
0.430664 0.326678
0.431641 0.327403
0.432617 0.328552
0.433594 0.330090
0.434570 0.331979
0.435547 0.334184
0.436523 0.336667
0.437500 0.339392
0.438477 0.342324
0.439453 0.345425
0.440430 0.348662
0.441406 0.351999
0.442383 0.355401
0.443359 0.358835
0.444336 0.362267
0.445312 0.365664
0.446289 0.368994
0.447266 0.372227
0.448242 0.375331
0.449219 0.378278
0.450195 0.381039
0.451172 0.383586
0.452148 0.385893
0.453125 0.387935
0.454102 0.389687
0.455078 0.391127
0.456055 0.392232
0.457031 0.392981
0.458008 0.393356
0.458984 0.393338
0.459961 0.392911
0.460938 0.392059
0.461914 0.390768
0.462891 0.389026
0.463867 0.386821
0.464844 0.384143
0.465820 0.380984
0.466797 0.377336
0.467773 0.373196
0.468750 0.368557
0.469727 0.363417
0.470703 0.357776
0.471680 0.351633
0.472656 0.344989
0.473633 0.337847
0.474609 0.330212
0.475586 0.322089
0.476562 0.313485
0.477539 0.304409
0.478516 0.294868
0.479492 0.284874
0.480469 0.274440
0.481445 0.263577
0.482422 0.252300
0.483398 0.240624
0.484375 0.228565
0.485352 0.216140
0.486328 0.203368
0.487305 0.190267
0.488281 0.176858
0.489258 0.163161
0.490234 0.149197
0.491211 0.134988
0.492188 0.120558
0.493164 0.105928
0.494141 0.091124
0.495117 0.076169
0.496094 0.061087
0.497070 0.045905
0.498047 0.030646
0.499023 0.015336
0.500000 0.000000
0.500977 -0.015336
0.501953 -0.030646
0.502930 -0.045905
0.503906 -0.061087
0.504883 -0.076169
0.505859 -0.091124
0.506836 -0.105928
0.507812 -0.120558
0.508789 -0.134988
0.509766 -0.149197
0.510742 -0.163161
0.511719 -0.176858
0.512695 -0.190267
0.513672 -0.203368
0.514648 -0.216140
0.515625 -0.228565
0.516602 -0.240624
0.517578 -0.252300
0.518555 -0.263577
0.519531 -0.274440
0.520508 -0.284874
0.521484 -0.294868
0.522461 -0.304409
0.523438 -0.313485
0.524414 -0.322089
0.525391 -0.330212
0.526367 -0.337847
0.527344 -0.344989
0.528320 -0.351633
0.529297 -0.357776
0.530273 -0.363417
0.531250 -0.368557
0.532227 -0.373196
0.533203 -0.377336
0.534180 -0.380984
0.535156 -0.384143
0.536133 -0.386821
0.537109 -0.389026
0.538086 -0.390768
0.539062 -0.392059
0.540039 -0.392911
0.541016 -0.393338
0.541992 -0.393356
0.542969 -0.392981
0.543945 -0.392232
0.544922 -0.391127
0.545898 -0.389687
0.546875 -0.387935
0.547852 -0.385893
0.548828 -0.383586
0.549805 -0.381039
0.550781 -0.378278
0.551758 -0.375331
0.552734 -0.372227
0.553711 -0.368994
0.554688 -0.365664
0.555664 -0.362267
0.556641 -0.358835
0.557617 -0.355401
0.558594 -0.351999
0.559570 -0.348662
0.560547 -0.345425
0.561523 -0.342324
0.562500 -0.339392
0.563477 -0.336667
0.564453 -0.334184
0.565430 -0.331979
0.566406 -0.330090
0.567383 -0.328552
0.568359 -0.327403
0.569336 -0.326678
0.570312 -0.326414
0.571289 -0.326647
0.572266 -0.327414
0.573242 -0.328749
0.574219 -0.330688
0.575195 -0.333266
0.576172 -0.336516
0.577148 -0.340473
0.578125 -0.345168
0.579102 -0.350635
0.580078 -0.356903
0.581055 -0.364005
0.582031 -0.371968
0.583008 -0.380821
0.583984 -0.390592
0.584961 -0.401306
0.585938 -0.412989
0.586914 -0.425664
0.587891 -0.439354
0.588867 -0.454079
0.589844 -0.469859
0.590820 -0.486712
0.591797 -0.504655
0.592773 -0.523703
0.593750 -0.543869
0.594727 -0.565165
0.595703 -0.587601
0.596680 -0.611186
0.597656 -0.635926
0.598633 -0.661827
0.599609 -0.688891
0.600586 -0.717119
0.601562 -0.746512
0.602539 -0.777067
0.603516 -0.808780
0.604492 -0.841644
0.605469 -0.875653
0.606445 -0.910796
0.607422 -0.947061
0.608398 -0.984436
0.609375 -1.022904
0.610352 -1.062449
0.611328 -1.103052
0.612305 -1.144692
0.613281 -1.187346
0.614258 -1.230990
0.615234 -1.275598
0.616211 -1.321142
0.617188 -1.367592
0.618164 -1.414918
0.619141 -1.463086
0.620117 -1.512063
0.621094 -1.561812
0.622070 -1.612297
0.623047 -1.663477
0.624023 -1.715315
0.625000 -1.767767
0.625977 -1.820791
0.626953 -1.874344
0.627930 -1.928381
0.628906 -1.982854
0.629883 -2.037718
0.630859 -2.092924
0.631836 -2.148423
0.632812 -2.204166
0.633789 -2.260102
0.634766 -2.316180
0.635742 -2.372348
0.636719 -2.428555
0.637695 -2.484747
0.638672 -2.540872
0.639648 -2.596876
0.640625 -2.652706
0.641602 -2.708309
0.642578 -2.763631
0.643555 -2.818619
0.644531 -2.873218
0.645508 -2.927377
0.646484 -2.981043
0.647461 -3.034162
0.648438 -3.086683
0.649414 -3.138555
0.650391 -3.189726
0.651367 -3.240147
0.652344 -3.289768
0.653320 -3.338541
0.654297 -3.386419
0.655273 -3.433354
0.656250 -3.479301
0.657227 -3.524216
0.658203 -3.568055
0.659180 -3.610777
0.660156 -3.652341
0.661133 -3.692709
0.662109 -3.731841
0.663086 -3.769703
0.664062 -3.806259
0.665039 -3.841477
0.666016 -3.875325
0.666992 -3.907773
0.667969 -3.938794
0.668945 -3.968362
0.669922 -3.996453
0.670898 -4.023043
0.671875 -4.048113
0.672852 -4.071645
0.673828 -4.093622
0.674805 -4.114028
0.675781 -4.132853
0.676758 -4.150085
0.677734 -4.165716
0.678711 -4.179739
0.679688 -4.192151
0.680664 -4.202948
0.681641 -4.212132
0.682617 -4.219703
0.683594 -4.225665
0.684570 -4.230025
0.685547 -4.232790
0.686523 -4.233971
0.687500 -4.233578
0.688477 -4.231627
0.689453 -4.228134
0.690430 -4.223114
0.691406 -4.216590
0.692383 -4.208581
0.693359 -4.199112
0.694336 -4.188207
0.695312 -4.175893
0.696289 -4.162199
0.697266 -4.147154
0.698242 -4.130790
0.699219 -4.113141
0.700195 -4.094240
0.701172 -4.074125
0.702148 -4.052831
0.703125 -4.030399
0.704102 -4.006867
0.705078 -3.982277
0.706055 -3.956670
0.707031 -3.930090
0.708008 -3.902581
0.708984 -3.874187
0.709961 -3.844954
0.710938 -3.814929
0.711914 -3.784157
0.712891 -3.752688
0.713867 -3.720568
0.714844 -3.687846
0.715820 -3.654571
0.716797 -3.620792
0.717773 -3.586558
0.718750 -3.551917
0.719727 -3.516920
0.720703 -3.481616
0.721680 -3.446052
0.722656 -3.410279
0.723633 -3.374344
0.724609 -3.338295
0.725586 -3.302181
0.726562 -3.266048
0.727539 -3.229943
0.728516 -3.193912
0.729492 -3.157999
0.730469 -3.122249
0.731445 -3.086705
0.732422 -3.051411
0.733398 -3.016406
0.734375 -2.981732
0.735352 -2.947429
0.736328 -2.913533
0.737305 -2.880082
0.738281 -2.847113
0.739258 -2.814658
0.740234 -2.782751
0.741211 -2.751423
0.742188 -2.720705
0.743164 -2.690624
0.744141 -2.661209
0.745117 -2.632485
0.746094 -2.604475
0.747070 -2.577201
0.748047 -2.550685
0.749023 -2.524946
0.750000 -2.500000
0.750977 -2.475863
0.751953 -2.452550
0.752930 -2.430072
0.753906 -2.408440
0.754883 -2.387664
0.755859 -2.367748
0.756836 -2.348701
0.757812 -2.330524
0.758789 -2.313220
0.759766 -2.296790
0.760742 -2.281232
0.761719 -2.266543
0.762695 -2.252719
0.763672 -2.239753
0.764648 -2.227639
0.765625 -2.216366
0.766602 -2.205924
0.767578 -2.196300
0.768555 -2.187483
0.769531 -2.179455
0.770508 -2.172202
0.771484 -2.165706
0.772461 -2.159948
0.773438 -2.154908
0.774414 -2.150565
0.775391 -2.146897
0.776367 -2.143881
0.777344 -2.141492
0.778320 -2.139706
0.779297 -2.138498
0.780273 -2.137839
0.781250 -2.137704
0.782227 -2.138064
0.783203 -2.138890
0.784180 -2.140154
0.785156 -2.141825
0.786133 -2.143875
0.787109 -2.146273
0.788086 -2.148988
0.789062 -2.151989
0.790039 -2.155247
0.791016 -2.158730
0.791992 -2.162407
0.792969 -2.166248
0.793945 -2.170222
0.794922 -2.174298
0.795898 -2.178448
0.796875 -2.182640
0.797852 -2.186846
0.798828 -2.191037
0.799805 -2.195184
0.800781 -2.199260
0.801758 -2.203238
0.802734 -2.207091
0.803711 -2.210794
0.804688 -2.214322
0.805664 -2.217652
0.806641 -2.220759
0.807617 -2.223622
0.808594 -2.226220
0.809570 -2.228534
0.810547 -2.230543
0.811523 -2.232230
0.812500 -2.233578
0.813477 -2.234573
0.814453 -2.235199
0.815430 -2.235444
0.816406 -2.235296
0.817383 -2.234744
0.818359 -2.233779
0.819336 -2.232393
0.820312 -2.230580
0.821289 -2.228335
0.822266 -2.225653
0.823242 -2.222533
0.824219 -2.218972
0.825195 -2.214972
0.826172 -2.210533
0.827148 -2.205660
0.828125 -2.200354
0.829102 -2.194624
0.830078 -2.188474
0.831055 -2.181914
0.832031 -2.174952
0.833008 -2.167599
0.833984 -2.159868
0.834961 -2.151770
0.835938 -2.143320
0.836914 -2.134533
0.837891 -2.125426
0.838867 -2.116016
0.839844 -2.106321
0.840820 -2.096359
0.841797 -2.086153
0.842773 -2.075721
0.843750 -2.065087
0.844727 -2.054273
0.845703 -2.043301
0.846680 -2.032196
0.847656 -2.020982
0.848633 -2.009684
0.849609 -1.998327
0.850586 -1.986938
0.851562 -1.975542
0.852539 -1.964167
0.853516 -1.952837
0.854492 -1.941581
0.855469 -1.930425
0.856445 -1.919396
0.857422 -1.908521
0.858398 -1.897826
0.859375 -1.887339
0.860352 -1.877086
0.861328 -1.867092
0.862305 -1.857383
0.863281 -1.847985
0.864258 -1.838923
0.865234 -1.830220
0.866211 -1.821900
0.867188 -1.813986
0.868164 -1.806500
0.869141 -1.799463
0.870117 -1.792897
0.871094 -1.786820
0.872070 -1.781252
0.873047 -1.776209
0.874023 -1.771709
0.875000 -1.767767
0.875977 -1.764397
0.876953 -1.761613
0.877930 -1.759426
0.878906 -1.757846
0.879883 -1.756884
0.880859 -1.756547
0.881836 -1.756841
0.882812 -1.757773
0.883789 -1.759344
0.884766 -1.761558
0.885742 -1.764415
0.886719 -1.767915
0.887695 -1.772055
0.888672 -1.776832
0.889648 -1.782239
0.890625 -1.788271
0.891602 -1.794918
0.892578 -1.802171
0.893555 -1.810018
0.894531 -1.818446
0.895508 -1.827441
0.896484 -1.836985
0.897461 -1.847062
0.898438 -1.857653
0.899414 -1.868736
0.900391 -1.880289
0.901367 -1.892290
0.902344 -1.904713
0.903320 -1.917532
0.904297 -1.930719
0.905273 -1.944246
0.906250 -1.958083
0.907227 -1.972197
0.908203 -1.986557
0.909180 -2.001130
0.910156 -2.015880
0.911133 -2.030772
0.912109 -2.045769
0.913086 -2.060834
0.914062 -2.075928
0.915039 -2.091013
0.916016 -2.106049
0.916992 -2.120995
0.917969 -2.135810
0.918945 -2.150453
0.919922 -2.164882
0.920898 -2.179054
0.921875 -2.192927
0.922852 -2.206458
0.923828 -2.219605
0.924805 -2.232322
0.925781 -2.244569
0.926758 -2.256301
0.927734 -2.267476
0.928711 -2.278052
0.929688 -2.287984
0.930664 -2.297233
0.931641 -2.305756
0.932617 -2.313511
0.933594 -2.320459
0.934570 -2.326560
0.935547 -2.331775
0.936523 -2.336064
0.937500 -2.339392
0.938477 -2.341721
0.939453 -2.343016
0.940430 -2.343243
0.941406 -2.342369
0.942383 -2.340360
0.943359 -2.337188
0.944336 -2.332822
0.945312 -2.327234
0.946289 -2.320398
0.947266 -2.312289
0.948242 -2.302883
0.949219 -2.292159
0.950195 -2.280095
0.951172 -2.266674
0.952148 -2.251879
0.953125 -2.235694
0.954102 -2.218107
0.955078 -2.199105
0.956055 -2.178680
0.957031 -2.156824
0.958008 -2.133530
0.958984 -2.108796
0.959961 -2.082618
0.960938 -2.054998
0.961914 -2.025938
0.962891 -1.995441
0.963867 -1.963513
0.964844 -1.930164
0.965820 -1.895401
0.966797 -1.859239
0.967773 -1.821690
0.968750 -1.782770
0.969727 -1.742498
0.970703 -1.700894
0.971680 -1.657978
0.972656 -1.613775
0.973633 -1.568310
0.974609 -1.521611
0.975586 -1.473706
0.976562 -1.424626
0.977539 -1.374404
0.978516 -1.323073
0.979492 -1.270671
0.980469 -1.217233
0.981445 -1.162799
0.982422 -1.107410
0.983398 -1.051106
0.984375 -0.993931
0.985352 -0.935930
0.986328 -0.877148
0.987305 -0.817631
0.988281 -0.757427
0.989258 -0.696586
0.990234 -0.635157
0.991211 -0.573191
0.992188 -0.510738
0.993164 -0.447852
0.994141 -0.384585
0.995117 -0.320990
0.996094 -0.257122
0.997070 -0.193034
0.998047 -0.128781
0.999023 -0.064418
